c0,c1,c2,c3,c4,c5,c6,c7,c8,c9,c10,c11,c12,c13,c14,c15,c16,c17,c18,c19,c20,c21,c22,c23,c24,c25,c26,c27,c28
13.981583873894699,8.7065305204506558,6.6664795523986342,11.227341245339474,17.275083751436348,15.049096026423456,17.918370743314284,18.651371000618532,19.041509674761002,18.453012406279335,18.028698537178386,14.355733565409949,15.278543341193732,10.523806762941533,9.7084421202865485,7.6444663493654588,12.460915224593229,13.823286301577191,9.6841178638537713,7.9280557632811082,7.2327296446481171,7.3834725053709533,5.8196126554622083,5.9239667688942319,9.3920711092101286,7.858560490905063,11.076944776458419,10.944981725959096,8.5453871577602456
8.6782838821744903,6.6532191464718693,4.9616360801285282,8.4349724435442184,13.057821203219532,12.204315037649351,14.069106281785281,13.728050436767994,14.390611533299229,14.301983702596019,14.248573233129008,13.719749022301905,15.947428624973412,11.270837743254909,12.065840196765279,9.9943844173814753,14.086055910036251,15.515019624863363,11.248225704925098,4.9889542388771275,3.1123012618508241,3.6888874742794471,2.8986866620457405,2.700538504520388,6.1699816377992676,3.0873892746908425,7.0008848966495449,7.4906122234193049,3.8520898142893572
8.2188864658138243,6.8523382591380866,5.2394885917895948,8.1471628675803629,12.076822805781021,11.410176232085639,13.36545207087476,13.075317181026243,13.697949476548828,13.619581581566706,13.595841078978189,11.127160741557091,12.673894515426589,10.248018576390123,6.1836210718094264,5.5611229055634652,10.612601509027165,11.443757198390699,4.9624136785452251,3.9576950389336929,5.6299314602676773,5.8473253932407019,4.6179665654724644,4.7275176669333803,7.6104285322793075,5.4020069198120098,8.4134113706086353,8.9424910134392377,5.1821585338739169
8.8971242306730218,7.5629620364352803,6.305590010879186,9.1300069179163117,11.450038251866708,10.964176141856377,12.55070937836075,12.216478779001044,12.790195337322018,12.709468541773667,12.739461367849003,11.293269761068544,13.71523166067103,10.974430870365858,8.4568739980093497,7.5579914422787411,12.385085490367473,13.063699492019573,6.5067411592232602,3.0716939883099599,3.7023062290829358,4.3403006671297675,4.0215266384536505,3.7300112421953102,6.4601079152616094,3.5417105471634116,7.2279745992741624,7.7861482491517009,3.8292057052922956
9.9888080929678793,8.6091235157818531,7.0576688995593031,9.8041486508701041,11.511543944338278,11.440418389467915,12.637542675962109,12.076484457759207,12.482195040737885,12.598004363909588,12.69203456020081,8.6380305203174146,11.085164731016626,10.669031840517412,6.504350526444135,5.0874475235026893,10.27723327302224,10.498542288887108,4.6936431294331697,2.3210178125796546,2.9898889814933085,3.4843134461387208,3.0010608541583039,2.7088057592299322,5.9332646035434209,3.0558061368595304,6.6317604629903286,7.2003854927307742,3.5540212869020351
10.947270104066384,7.8141712683191287,6.5026715011244676,9.7225984596143604,11.891070472173709,11.219581817368201,13.105838428040414,12.65344224427826,13.039759182497306,13.134815415557476,13.114300940715644,7.718282726099936,10.252163308348642,8.3491652724363448,5.3182092181498533,3.9506609019004344,9.1129880110861237,9.7459023098663238,4.1731684587020084,3.0780573910362961,3.6711443490691096,4.3446596828357968,4.4272181030693503,4.066104495738216,6.6024995108606674,3.7235647524177438,7.0683095182717821,7.9187442344736922,4.3199458141409366
10.475110646298795,9.0155100938657355,7.3322815181760603,10.592461527047647,13.177257582658953,12.765458353962849,14.515492629036125,13.437178170031729,13.481012574868579,14.23088338958879,14.262990103221149,9.068826031212943,11.576991610056368,8.5059860074883673,7.812960131207241,7.7243715071543448,10.053006797558787,11.143981302510269,6.9068771828447524,4.9080994426805162,7.0795889856708314,7.3403044271998539,7.9859616956918913,7.1872461476288692,9.5200311197221765,7.0712346566844602,9.7613093496206247,10.386480921834064,6.8678436024569294
13.345938780482996,10.641359799582823,9.3300742770929403,12.206072240399195,15.155144428097152,14.376066777223627,15.900032541953536,15.150266731234794,15.124729622400793,15.543867385955579,15.672247738230254,12.450760960692662,14.734951248420181,10.269014428391095,11.382714024541492,10.144764954995154,12.861383084210409,14.283203094744067,11.398836372563395,7.6860905436724209,7.6391398433091666,7.9760842649165582,8.3922852459960708,7.8099419952862448,10.612474058487997,7.5725697656720357,10.554035732772554,11.626753369639339,7.3272762878074289
16.50698291250086,12.823900687837678,11.70517570014362,15.96830652736196,18.491305397078015,18.314878820581313,18.589310810613455,17.637818125485119,17.119632420376526,17.72980939636367,17.857225754722506,12.916082542205992,14.372166977283818,9.86995144862383,10.733750922806983,10.189012678261825,12.183943394858851,13.680788577437774,11.019969153285864,7.9816651913351464,9.3073411221114668,9.8752542498346116,10.709100733952795,9.8603081615846762,12.645702645977501,9.4232667309144773,12.225303234282784,13.58037136775166,8.9726873384662511
17.494885246049691,16.312604994999809,15.136119869559167,18.475258735908838,19.93802262893486,19.53632249449835,20.644962829888662,19.482309732330272,19.144341856050005,19.863507521167321,20.023413870062271,11.484095134975128,12.594226022731014,7.6374352710372193,8.5255942056811804,8.2861232179977762,10.245352847595626,11.857711521038993,9.2636523962895794,9.6361889006243899,10.758073174797502,11.946623602734967,12.663929985445613,11.694023533874201,14.770367451939869,10.660244044298629,14.380950916709665,15.693095601655855,10.359319244955302
15.575452142490299,13.757028417318679,12.179641577233674,15.575651377857213,19.889900400459531,18.748910940516758,20.319865365053822,19.974524377045178,20.031567732664527,20.119985920595738,19.886286644762436,11.762261270536577,13.392013466305166,7.903388031664484,8.7132474477054345,7.5412114976750786,10.886165149795566,12.524150145067772,8.7564824862142387,8.7061085737803126,7.4344662180757979,8.2047289292939922,7.7625129228868488,7.2903015537662412,11.262663025064114,7.3784789293029007,11.525874212795678,12.50129030488494,7.906809475794077
13.46455000177594,10.904829628622068,9.5813023314220302,13.443189258966946,17.408701529402229,17.138052833600192,17.721503335184266,16.828088169157738,16.832453576941397,17.28682383445841,17.184998887848629,13.749834982744169,15.734186400535698,9.8040731783848543,11.412308221257426,9.3680172562925605,13.344085822414186,15.193119537460504,11.924335465728589,10.736069006988686,7.6287222670609935,7.7133171748914933,7.1869644758877769,7.0604296643245092,9.6265128351873344,7.8023176331806496,10.300868776994818,10.950669364901024,9.1382106264221434
9.1523469687844496,5.5197573637666437,3.7257596913414162,7.6106539732966212,12.875373595401697,11.598361480321756,14.144180941633969,13.915573880513122,14.594119977746615,14.605455696113346,14.440737045935158,10.932928847980783,11.882735264186067,6.9662572698354666,7.0640567624566302,5.6573380526593411,9.3735194939120348,10.738323060128238,6.9773768566681156,6.5726054760209109,4.2031365012360524,4.4690684248472508,3.886981946527726,3.6459896022451517,6.7104301591342619,4.669936311275535,7.7940923294168556,8.1422761534425376,6.4935027542646537
8.5102005739106588,8.6372051836607184,7.1054531319093783,9.9556306899155018,14.329689473393863,13.443689559157583,15.182302065282265,14.655918015071833,15.116740966544633,15.148310998176989,15.082751176593597,12.408479311555773,14.58370353242703,8.8095309931777024,9.8667288485988109,8.4552187611532474,12.019588491173891,13.689216631586454,10.215710401598677,9.4173628923676986,6.7667018611084373,6.535169058705435,7.0685564935466729,6.6224455770443456,8.2049724130033752,7.3256279848222619,8.779263433519958,9.35070202312356,8.1556954152195402
10.773693277727105,9.7307304898316929,7.8868005661286347,10.360982793441188,15.475558265702851,14.995983978644816,16.309820847871826,15.747113146523532,16.580628226509674,16.449526983856593,16.482455279238415,13.005350552134786,14.56941096585853,8.8984251499711604,9.9499567441502066,8.3561004790087949,12.36413589203584,14.155624995780904,11.154386983452753,10.05191575732983,5.7601550170392386,6.0846661034736371,6.3704330281248573,6.1625196400779672,8.2678003056061442,6.3746997890860868,9.0042894919368806,9.3593153059349277,6.456872347504131
13.724828059651074,12.500076538406638,10.908685396045584,14.137092670356786,15.271106172098818,15.39157355924204,16.327701335730531,15.720611963134324,16.752603785697687,16.662907770526665,16.953010658210637,12.217085732416948,13.704372760654955,8.8124654318453963,9.6567370825089327,8.5668400641827915,11.689017769692214,13.161898229227198,9.9392711016981039,9.0638467845832551,8.0651937341631026,8.4869030159101868,8.2096960760859403,7.8988489375336002,10.906875317584117,8.0896222936929334,11.56964006150897,12.096235194433035,8.015625281655808
12.632703553292508,10.486274166727135,9.1433475763197976,11.607070125486068,13.430598124782087,12.943017423453369,14.174654136151148,13.612477098951665,14.339374442618187,14.335183172527508,14.492746485190658,13.28762805388719,15.27382183949662,10.276730103168525,11.576923570717241,10.741683083242471,13.093445399181327,14.866972508205329,11.380628270024857,7.3302302573032492,4.8295820016146251,6.1488630179766943,6.4321452273466804,5.6267346210829174,9.891807749204645,4.5376481997898352,9.6395332680620669,11.017161087600016,4.40175838203605
13.535984806919231,10.452421963237654,9.2368681641041093,11.874815062832702,12.309373726415799,11.794693198435212,12.851407696001552,12.496494614171027,13.203340561863456,13.09681289980292,13.182328753149314,13.743831953036768,16.170684645992921,11.73137536534179,12.609686477563606,10.24925401139533,14.46109217142871,16.030628610165387,12.258349849049466,5.4848047686392718,5.457696720154452,6.0822540010574855,6.4196931852098302,5.8711139389514813,8.1094555690729138,5.3325514892914327,8.4142058917591882,9.2152746942012129,5.2744095041234331
13.391644142946596,12.088422531930014,10.68784180005845,13.068280460289934,13.859894338730285,13.969157099991897,14.716820562180438,13.991255066446868,14.674364267283046,14.805923281293239,15.086968263941522,13.429287986136103,15.014551646526087,9.6024164606918632,10.451554863661556,8.4038511628121881,12.569993836719938,14.481657747836508,10.548341640536059,8.5040817611540618,7.5810070773582794,7.7666214699424998,8.5865491701271992,8.1647377286412919,8.8932935393072441,7.8722882598086841,9.7586781479129527,10.089232174949991,8.4364435054839717
15.048732196151697,14.529331203243352,13.125185594897715,15.305746052393978,16.769539171359298,16.044556662477859,17.290338981982771,16.864970079342818,17.039208592025382,17.153025173020062,17.099540529545145,12.089487223448238,13.446027910809029,9.4235651696440925,10.50132125745629,9.79917526224596,11.625500877851039,12.932934604801432,10.696356873824868,11.436829612125223,8.897844369759035,8.675742865491884,9.8406949435980096,9.32840181531882,9.9885818252685681,9.5516432179880084,10.872754242858065,10.952941060419526,11.344090025169898
17.451766291355774,16.833453343749021,15.299558472403753,17.185278359705165,19.44542667476842,18.798797798261198,20.175000223393241,19.518593202561696,19.644472103693012,19.970551099804652,19.987250224249728,13.654949880660318,15.152153228135987,11.545935820042857,13.212318817830742,11.915820928507522,13.898010459535705,14.862252646396819,12.716723366262194,10.593263309808663,11.109310331900367,11.475498593669165,11.08330008131891,10.788089500559217,13.473772394707687,11.214532730208191,13.945691396574198,14.649341216334605,11.157220808454234
15.050542853212605,11.695079051395112,9.9617010140790896,14.359443091503699,20.922142044146845,20.550800551645708,21.518924928455114,20.694400850058507,20.886242989894846,21.136762348236196,21.168379430144647,14.984016059582132,16.452251704982487,11.817684506118063,12.967517179157412,10.540557123555224,14.839808057612146,16.192490996360192,13.01871521549964,8.4754450515946189,5.7442874250141926,6.3525754325661552,4.7788315689591414,4.8132153866091798,9.2365465003598715,6.0699333590955717,10.692432335553754,10.73059328510233,7.0843255532498191
8.5402913403723915,5.8684325758176357,3.9047356141139673,7.9235719232634736,13.990455389866128,12.946326444426241,15.425068324900941,14.967374264218087,15.990905967167649,15.959398192017865,16.17809826042776,14.288347946897034,15.620260445420627,10.485295792895116,10.379880188430356,9.4174928973999243,13.041921393952549,14.677535332864068,10.263292116922351,9.3350212614542656,7.7271987825203681,7.6021120909896567,5.9309160227952162,5.9427782050300735,9.8710936227540671,8.4340416535115921,11.13606588375476,11.248006512354557,9.2410321685309214
6.807099415131141,5.0326337040926461,3.1929584459596754,6.6165370749853309,10.762001280817209,9.9137129962856889,11.967243895750165,11.468973097299759,12.416525788364012,12.415196402885982,12.56550493480659,15.055074090342302,16.999396265410816,11.338797640108055,11.990402874192256,10.64765052948816,14.401637670525929,16.138447203437835,11.668673570001047,7.1845164332509697,4.5603121335623982,4.5715409451666673,3.6818543861656607,3.751422071662212,6.4908844254534159,5.3557556770711443,8.1220782285922439,7.9837448597602574,6.6911184674245874
9.1742525896748717,6.0836700422100662,4.571307066187245,7.5291881559444249,14.366888794411139,12.880136858635097,15.151381946561898,15.111262216315438,15.629376160763968,15.435890779239074,15.322759152144968,12.80718262987255,15.051177341424335,10.660835973362182,11.822838589945164,10.743492962115589,13.389333914006166,14.698628507430321,11.863259930656795,10.403425561612977,8.0498681126253473,7.1591094355551874,7.3019704511182653,7.4348243747181755,7.7793868125058978,8.4435905696974629,8.7501060756576479,8.8905488407705917,9.7238678505905867
11.399430104968999,7.6144432079928706,6.1512446678323798,9.0277605948480257,14.952474378953454,13.645637679530132,14.707204625108446,15.037260471838863,15.007310994188046,14.616131110642463,14.067049387057843,15.355310096276625,16.983148829657722,12.502115051655096,13.008372864152079,11.609138308199753,15.246033672112368,16.518948024462333,13.649685484270421,11.020238168265848,7.8806047284233856,7.5387521821822432,6.1902424105957223,6.4977418111943521,8.9877835928851297,8.3606675126858434,10.700230727938148,10.49402081707732,9.1730347920381021
13.552230396929943,8.4031517075037527,6.6597337977138906,10.363880897705556,13.606437323998186,12.967996676591653,13.998866747260088,13.87434731194049,14.435591253102594,14.204320509050085,14.05147068370335,14.669986375183868,16.12948689037438,10.597514527281874,10.341548340203737,8.5664624807749519,13.514200537104365,15.157986199516309,10.190339954426918,7.3136950612978779,7.040304878248314,7.2172324264294545,5.890946034210387,5.9249897587854079,9.2919838918351374,7.4491090231634374,10.648813486829866,10.741463044784517,8.2845423626277324
8.8804628898736695,6.7639133285590205,4.7108620140099973,8.4641813649895354,11.746975586812304,10.842212859668123,12.780730490221799,12.740624791759977,13.439476200050706,13.155800729247268,13.045409216879136,12.342918070849969,12.871441423358348,9.9024853454507706,7.5418671436591751,5.8111032068827839,10.469777056108256,11.510181470296303,6.9271244209878517,4.6744531662121602,3.2254534205298953,3.9570012023771071,3.0460035782311579,2.8723450850915455,6.6413020713437234,3.3612013379358388,7.8589949658706715,8.1391286697456238,4.333898685753546
7.7752598154433414,5.8700610906246027,4.1404964080255553,7.4178924402306663,10.615459385198108,10.132087734083925,12.033600356473535,11.612560217601668,12.28838053809752,12.256084929022748,12.279250610325114,6.5184922280057194,7.9366327051233512,4.585437443718682,3.1078849499285752,1.4024443068098194,5.8633851243432105,6.9428713506111848,3.1005185773182902,2.533941762882101,4.3028235684338085,4.5144261027260271,4.3969426282625363,4.3161607619721778,5.7097390772847447,3.6321048807345662,6.4579412508126168,6.8903179592764658,3.5190428512334933
10.417585998383323,6.4165441524178135,5.0367222703479086,8.6934317402411665,11.455802600783379,11.724417615027242,12.517719452005238,11.712782273528482,12.143991431038664,12.431658730769747,12.6426368307445,5.4084321553568131,7.3885530303868308,4.5353965698626126,3.4470123059984843,2.8404769880575884,5.4801552336472454,6.7098416482377914,3.7132693340429981,3.7929345824217933,4.8157457405467952,4.2761115973833057,4.2287722489043489,4.2531242587863716,5.2776984631387975,5.0752445719052233,6.7270029589783036,6.5558773966768271,6.2083440503301901
11.749874384384633,10.246127073352653,8.8896402352873736,11.559372804774405,12.12402174857035,12.33872769760692,12.857280683513387,12.293654564692929,12.637467978954781,12.751548209087765,12.743807841376132,10.273314999025622,12.968517236481226,9.913715529607245,10.191514940330208,9.5888887070439495,11.792885706919542,12.734939430601067,9.7050973380226111,7.0316578480326513,6.4427493164435532,6.2252062496876803,6.2044598453630826,5.9907703583414644,8.0659610909035493,6.7423091146600029,8.5110349230744475,9.2260509676982636,7.2009971449862888
14.47892570595431,11.118970493659354,9.6206326566872278,12.085081272200874,13.188735031964505,12.953427065593701,13.620536622421824,13.130534593860887,13.723842970098872,13.684154536131928,13.844275738025907,13.556485170826718,15.248057758774827,10.3760313732353,11.023519714680958,8.7453585960117408,13.168748730633915,14.476806169190809,9.9740209458076805,3.8718208878236169,5.3273397766752382,6.1632922137275443,6.773245033013005,6.5743411431245349,7.8072761478366317,5.1171226191630197,8.2226746744182719,9.0053359502405783,5.1273390889274992
14.084379273443439,11.858805382972385,10.355125897455494,12.972723067485028,14.30522815559759,13.535437174292539,15.07830708642043,14.847973698530936,15.452700407113589,15.300316481749121,15.224498902263221,10.855770601278877,12.572331091849222,9.3427464427124036,9.345043906233883,8.3298375158960809,10.979109230301795,12.079921907900875,9.3973536454848556,7.2540743622621946,6.9410218361997806,6.6071095256487524,7.3208997828766371,6.7696025266725144,8.4994936741347615,7.6659244776617328,8.8508106418443973,9.4172945425935168,7.7116878487307972
13.596110431141504,11.353476543726011,10.424020324795393,12.796231918086761,13.906450687626652,13.934331150680698,14.863246325901216,14.103966157272311,14.94961882075696,14.995802795510507,15.158597017299556,11.240671131375997,13.521813800194842,10.236782287954149,10.296352737127869,8.4586221783357942,12.151580876381196,13.388203352395166,9.9681728770200095,7.7833685514021269,6.5986788182436769,6.8381918173323442,7.9223089954441051,7.1726366301673252,9.5112218343616846,7.3127249125088341,9.592708664077243,10.403101523567067,8.4076266796321377
14.565912370450953,12.002535306133893,10.933927965787213,13.320181304262285,14.27246124837545,14.1599163625716,14.546759732357017,13.948220669147204,14.268276106797551,14.39270534732178,14.661956289711249,12.270729792954981,14.416499877023178,11.022783892545,11.926961783981753,11.091497750893815,12.968054729916986,14.163535592566831,12.006856043642522,10.392404807483913,9.8109431086717933,9.669256292812392,10.475005640226797,9.9474403865061944,11.607196873456623,10.128868349249636,11.328979909306383,12.428180668247322,10.093907609210355
16.618312752479788,15.891381830842761,14.539899835867296,16.314208431603305,17.568342431777133,17.370424374993945,17.865271059324265,17.228938773895543,17.162412114055471,17.44591572803926,17.527622715238238,14.215532103303566,15.996113249023885,12.637646788764279,13.574932383890349,13.333336474516258,14.491424500365945,15.573494099556243,13.700955249522558,14.091223015041777,13.549599458640117,13.213273320114872,14.231499825468688,13.506217181220364,15.248454775087929,14.133173104612816,14.87360841854094,15.851435634765302,14.058525235339665
19.044231251270503,18.851701600127299,17.193433029093953,18.486265121809254,19.157587907203791,20.118421308479384,19.063816567938666,18.052552851520986,18.012038344410122,18.345619688456743,18.446251222846762,15.311524069626444,16.705081315637493,12.96241249952169,13.577737748833179,12.868903090074227,15.076042192732594,16.208698212575385,13.811705962657378,14.644017036808926,14.825720548700232,15.187066248185289,16.593964449742195,15.737680474608197,17.446748041214363,15.00635061862252,16.711379248022745,18.067464613726081,14.915127084646279
20.289081536380337,13.114476698871023,11.482736939266289,16.725752229394359,17.963529051940682,18.304279167399805,18.442031948917766,17.80306906340148,18.386214345651162,18.497774636833718,18.638784663359345,15.576759988092149,17.157655062880004,12.557585945406061,13.770937445892073,12.387026612094445,15.043193212769125,16.681268495923277,14.318162470412709,11.738819937694934,10.533231301768303,10.96801682986257,9.6734275399528613,9.4846095241314075,13.816929184902421,11.142332909815437,14.370672053044082,15.127569066964767,11.984312188262315
10.818446419253277,6.4479762500072866,4.7464857087011865,9.3627371966901762,12.004000027175813,10.933342014512263,12.700688895386662,12.659039779126459,13.077616915395041,12.875398488879405,12.635347934645836,15.861996172649995,17.237533469645257,13.06880183680309,13.697147689820639,12.107896407267233,15.425043476567936,16.398234762735242,12.617822587671142,7.3385038622697039,3.6373090132388199,3.2673628119871623,1.6539444213559449,1.9325901434457364,4.6304699407681014,4.6095117759861282,6.9586409224403099,6.1241842437959306,6.326771732284044
7.9605693555622707,5.190525957351376,3.5130753435357462,7.1646007956273294,9.2040018810282689,8.3420641514423366,10.035941293504401,9.8205441246901373,10.425778441803978,10.255672358076282,10.167683400793941,14.618423214970342,16.942750998050471,12.727261010838873,13.773669308856682,13.221174919397804,15.302716213719876,16.607144335759827,12.593570997706969,6.1207484679239883,3.4289189430692346,3.1335973259287684,1.6149274706941696,1.9603558421527225,4.6390164948826396,4.0745969434385998,6.2425333862328714,6.0709489339244698,4.7607429141860607
10.431853422463348,7.8923079054225482,6.4288410593431848,9.1051174207316876,12.640332344512323,11.832979069985427,12.612507146555693,12.414113548556273,12.570085967735785,12.491958185442122,12.35496975338971,15.780911253168377,17.900060663036797,13.254024599941964,14.549554350647796,12.414025881199592,16.413880069716591,17.646063693727541,14.506112673102614,10.956056358521728,5.4224124054361553,5.2726646399270791,5.1717131680250503,4.7769672004979924,7.406637122112663,6.3464590835426691,8.7509282770843342,8.6888027096236442,7.9826172488749023
13.132225394186541,10.124406197257358,8.5096115746218999,12.194949388514971,13.420090781758041,13.615592749202861,14.536661456328666,13.844214399232783,14.59259560111294,14.695261371064802,14.82828701244906,13.497521842731693,15.517587373701744,11.199817627037575,10.515632799103336,9.4365494117826856,13.421768707590395,14.682436992230635,9.3770160515350724,5.5911730398039694,6.8837233608414792,7.6764690595957106,7.6930020914553623,7.1964665681411191,9.9720013324265366,6.8410027302686913,10.562969906457745,11.198056221191251,7.1653415290702611
11.813454195193664,11.943619121529544,10.781840370211683,12.891880209965898,12.306286662781048,12.13194114855439,12.851264749260409,12.507460346627845,13.163258371563913,13.041529949647646,13.005249605925897,10.965506856647288,13.685384928201941,10.1315534960601,10.655029864125318,10.160935873471551,12.541034204063671,13.658902736774344,10.554648767752326,9.6319255977881468,10.237085126020872,10.207151510046721,10.825601361901199,10.224220135356894,12.12571265671248,10.495397374222456,12.399186940092768,13.161038794663071,10.823325355491612
14.72015423641664,12.907472689863027,11.381830298272043,13.554065588766058,15.502785785760452,15.589767849875358,15.159091589868254,14.665033628122728,14.744184112143124,14.707067676283337,14.742238503627526,13.743999885424238,15.562608057762951,10.212492419933326,11.077574039638044,9.8068475420695691,13.183010852147248,15.048690496055649,12.045603671614892,14.407254949577251,12.810780643544675,13.620682415493825,13.513360734042145,13.12605327121365,15.641121065131813,13.163349728269132,16.181945746550738,16.986984421537244,11.561881090023725
17.139263879973761,17.351816256468119,15.901456685766405,18.008644631667785,18.51464863238747,18.780388282144933,18.928474805682889,18.337224207148473,18.707013896906226,18.762758410889433,18.792173183018193,13.394001154012109,14.741451660311441,10.202697634274863,11.700306389896369,11.097733999349828,12.717115133186972,14.311801437205048,12.4786588084919,14.212389722396082,14.883707509771995,15.238704676986814,14.865947380066252,14.769775960935178,17.124648521438296,14.861375920185985,17.066865383949583,18.244630253547029,13.784130932845855
17.560758966571584,18.126344681417933,16.742985687061186,19.088473150555807,19.519422417838406,19.774286967205938,19.554996388789853,19.019466617734793,18.919528941354848,19.114752335797661,19.147647450396072,14.043085907433039,15.593514165749689,10.806413988645453,12.684137410975417,11.612438675404412,13.647565753350712,15.127564621806606,13.365153434401549,12.965035189756442,10.952701314384278,11.251776687855582,10.705092224641852,10.021478971354483,15.170967401538185,11.278740736829121,14.51691948389054,15.885807790781946,11.211154653270157
19.694458989272434,17.542174163620608,16.334668414883112,18.821360133333471,21.632862028816028,20.393182175434823,22.080672367116847,21.795569890236251,21.567806275281875,21.717190619211621,21.487299437173483,15.380969762048856,16.68268684164515,11.580346124489864,12.708055086993404,11.713848641847491,14.479581013961429,16.03517276566491,13.921435340671017,16.211937965314924,13.680603786977429,14.404741951696877,14.665342151988895,13.377259993264801,17.803957465578364,14.103100778089456,17.07798447925915,18.62874226544276,14.201065076123243
20.427754853997612,19.199485418375552,17.813244087925625,20.120648643661802,22.685784443422619,21.625342101023442,23.460000525477298,23.036132888378681,23.141447537848059,23.267741528863858,23.060409488560438,15.903430610571966,17.159139655242143,12.50030508442201,13.530221665438134,11.842718224431266,15.086873522906664,16.672176865149822,14.727689428859655,16.577855624613846,12.571586080853344,12.589800892141035,12.467986950035119,11.979439225355826,15.527428429778432,13.165747720183496,15.204402007420725,16.286877657947045,13.228418098238855
19.25561874767746,16.928957277464853,16.058630863535768,19.517974155682943,22.911858107069854,22.347727565902062,23.869646888677877,23.249711547566761,23.46754520105474,23.6509438496808,23.414525816623559,16.322998606414622,17.63449794232519,12.561792973273278,14.19916899025629,12.82606069173174,15.48429247152707,17.095806436434209,15.332965190665853,18.282740898370847,9.257360729839256,9.5345679579799665,8.2009994021283603,7.6568911870889167,14.444269915899525,11.445495200701934,14.909981137825859,15.716875903505247,12.919291973620652
18.756704102095121,15.852326521144064,14.730061940046667,19.788914410933565,23.49613276123425,22.687257257773943,24.4225248213396,23.7812174559295,24.125308221529842,24.327129075090518,24.367482538165135,16.856269182930632,18.089113636185481,13.823031861605543,14.552943204257296,13.273911776093868,16.31309269638146,17.639475129518019,15.579265058928506,16.280201862742025,7.4832935228941295,7.7151454854306394,6.3463703560057851,6.3525453517063113,10.714696225717937,8.5752436891841484,12.02886389467492,12.168253051252933,9.5031960103830286
16.481502394493546,12.230769336435756,10.693148931112589,14.45582156615626,22.838314421861817,20.418049862376634,22.110144168696777,22.910952783127627,22.483553699128215,21.937109568189328,21.063384151080257,17.59341461481575,19.128292654919406,13.805370999884104,15.598940441347764,13.401927867444002,17.166167923627476,18.663305266738277,15.999142182242991,12.270409438064966,4.5439370321969221,4.7122478865753692,3.9835987986235466,3.6795979725637906,6.9452352681797791,4.8010541675455016,8.1440027699962272,8.3111348539027574,5.4395122263456912
13.943462496046898,11.096523386306224,9.7812552925316538,12.799967810243288,17.71229337382637,15.738911526530281,16.472558795087728,17.05554112512484,17.55506085612727,16.795194274338215,16.418800081068618,17.72357640346074,19.349903207531014,14.255653791018226,16.376350458943435,13.82238778319843,17.638408453509648,19.079179229427339,16.192682095905177,9.4726188166373646,4.2589992299468165,4.3026454851612712,3.6538280337015863,3.4982305303894066,6.2407322354804791,4.517987915809293,7.2216319894359202,7.5576736999210965,4.6355935979353546
16.041270551559748,12.154910413883925,10.857884087278421,14.2475716489921,19.650103401093368,17.740408578904614,18.496789694450115,19.044133462620962,18.690219496686161,17.972928437811355,17.172503371349023,17.968664045931689,19.636569914520905,14.116009017681399,15.972242223378558,13.425478447572075,17.703082726399423,19.236198684503933,16.216984455486369,12.943642870241405,5.9042502829087056,5.744604705869385,5.2159375433667634,5.0110960421347883,7.7589417541596077,6.7906290133240574,8.4236175396095234,8.9081904322294534,9.0278591302170881
17.551173403832664,13.028108066337118,11.845331910207442,16.237824520551733,23.368828468304812,21.316469607884002,23.875911111363237,23.844371988930874,23.770682848231601,23.60570868919924,22.985417312964749,16.784363333877835,18.004783486938713,12.60434071646187,13.985576179030076,11.031366109507879,15.558580110414461,17.410913957130028,15.119413061097198,15.657169924516346,5.9618230541748858,6.1397603929665436,5.5638615080487313,5.2193464868303039,9.6459691536694478,7.4304432809349308,10.010454239955514,10.816931204821699,10.25963734003755
17.185927653639098,14.55779313506914,13.571268454056053,17.287643356054303,23.973253133697128,22.916644252289643,24.518574343000509,23.931790745968208,24.018176991222504,24.261209899091462,23.978443434231608,15.910772816484631,16.791754866686482,11.583994833871039,13.951138820552899,12.857266774379063,14.540270917405138,16.27539207795747,15.011195097060437,16.743671004635672,11.93739482763047,11.400636859285022,11.527452224114363,11.859757984077497,11.70941289011283,12.359034190937678,12.330932648546145,12.892202937039308,15.412895752349542
18.979332733047741,18.624465264369256,16.973146203154457,18.679722359087982,24.163078931015207,22.60822031840987,24.981168523110668,24.562579690379827,24.60883476157575,24.776762385242328,24.469910889093356,17.57483289790823,18.522397186041985,13.740516727836564,15.180157170814077,13.966981599655043,16.38439006905584,18.025637101845071,16.96719693688685,19.825891953927623,17.56415859231118,17.184679193112935,17.881467426655526,17.751155226602457,18.226955171825701,18.572969370577596,18.154059126588621,19.22850649492301,19.910296346029348
21.539751463137904,21.930805982271494,20.4821744147022,22.63568556144233,25.409565620820509,24.891202940423376,26.457382761332063,25.691877400404749,26.040846644715451,26.238975427080725,26.190716303703049,17.902997964911577,19.245715312371566,14.965299655858672,16.53897843946001,15.317262187449671,17.515540698676077,18.997109854311383,18.597775039826445,21.047478550666739,20.050983916488029,19.69168958205465,20.42233792983648,19.977997527167147,20.99656687845512,21.448371462855114,21.005258116323837,22.067373014415814,21.879952156388541
22.657993674999098,23.678331766363357,22.256567720198255,23.648937660552541,25.525572820490723,25.490617103656113,26.817415174338791,25.853986399417749,26.360531103162074,26.627440960687842,26.703814475055204,18.736828355991136,19.897832153797943,15.122317599531378,16.038723764336808,15.113326123962608,17.672965711615269,19.415252021851188,18.282567238598659,21.400791730678385,20.746269224587742,20.726211203260561,20.809225228893752,20.355406262797231,22.660419157985153,22.417222799276324,22.381476813241235,23.689138685904162,22.909539610318518
19.584129973263366,11.486745314609152,9.74845800275682,16.689524082536771,23.175615197694803,22.33592394315238,24.93698573718067,24.01245994484794,25.036348844202855,25.28049196124406,25.164481240430504,18.148139838778469,19.52030582001364,15.013323626569672,16.007605024998313,14.34540645830446,17.902802674564391,19.299391320013839,17.167342473490805,15.202779461183155,6.6780716873849286,6.9041700409369398,4.4731072184223351,4.7403148652382114,9.5485347885951057,7.8106301781974494,11.746878583770204,11.298778988250021,9.9028128426254582
7.186807508561067,4.3176190424598317,2.212092347192268,6.2132442017007747,12.059203791045952,10.610327444034859,13.453702160528749,13.346485218090002,14.195610489463405,13.967353871398046,13.821007805613689,16.435825715033488,17.590669324711556,13.829004472184728,11.378895689592788,10.454084708202011,15.347075179717841,16.489729491182523,10.662002218618092,6.5132595627950778,4.6749467119558688,4.3830263468807686,2.6260191417612404,2.9596953303879587,6.0527334028856004,5.1756147087123878,7.7576262921623496,7.5866502400058735,5.7553538444581633
6.0371077242866491,4.3254699910618868,2.9420723976585919,5.9668902019656329,9.6229804187797114,8.6162845075268919,10.119334469614166,9.7961213220203618,10.233994754230146,10.202104410502848,10.151777173708595,17.565259106828726,20.282274205248875,16.338662839707432,16.81189339335878,15.264900387439731,18.842485341771734,20.23422104174535,16.907607709241674,9.422999795961843,1.652141894775994,1.7090339312412155,0.52310233203508005,0.5594420643711473,3.9256391842933596,2.3610628718222273,5.1518189387164313,5.4379001705381995,4.2476584131661994
8.388899606279395,5.0118099674770491,3.1941933876966857,7.2559625788971829,8.9835032759269993,8.5309354136252296,9.7276490088213805,9.4109932540705685,10.094108577534314,9.9132703315317414,9.9375741532689901,18.51295772592465,20.697220769162236,15.158147416997664,15.636144810601856,13.946990300239122,18.611762397204963,20.27368171735413,14.04564862439797,4.1620119881815043,3.4314719681419064,3.558700997228101,2.3213629967433107,2.2629471517472979,5.806517288762798,3.901264116377952,7.2831778403908487,7.3459087518866042,4.1326673965873297
6.1273769642494145,3.7829544351009901,1.9077622806142784,5.3405547767139865,8.1191892352606274,8.2054222026757699,9.0917051351405576,8.789274344412469,9.6955674942881345,9.3831615401051494,9.4918632928007725,16.079655373402886,18.409998493620783,14.570273369139819,13.472694997498188,12.018976131211836,16.893393283056504,17.944218167596148,11.168894058469569,2.9162281412272648,2.546738039454965,3.0572262773734593,2.247950227808623,1.9937776828136506,5.6496683497179205,2.7201783606437644,6.6170126112640659,7.0731954717073151,2.9157539095335991
5.5030025766209505,4.0086958968962563,2.3949106809435321,5.3890687564492694,8.418053204420815,7.8592486746302868,9.6031434732061811,9.4165002285894346,10.432520452806884,10.120455819010537,10.161637629296699,12.965882336692054,15.581127733199324,14.305550033062374,11.700087304387608,10.618759397363647,15.016416430527109,15.341356079364026,9.2872203200426995,1.9863212762380513,2.0315016601435474,2.30966491368671,1.5875362059577469,1.4300555130035733,4.600475233985172,1.9749558290148386,5.3577542506183065,5.9366851056637699,2.3939240671990731
6.23279479746882,5.0135686910784756,3.291359722610359,6.1962718989497034,9.5975155268314865,9.6925745129707934,10.87207344420203,10.286019302211066,11.105977394055216,11.100057524372936,11.39003100421354,8.109820574038352,10.191539269961361,9.6550280540666549,4.7079775941773505,2.3851990423181206,8.9579816487697528,9.4512621724912478,3.952205555273629,1.5290713802548126,3.1766949674641936,4.1578526527926272,3.9772555767231168,3.5556940723633232,6.826816191385916,2.584549278742486,6.9446800413928145,8.0782906005531672,2.5504171723530149
5.7866191636141409,4.6524091580622269,2.895722494411288,5.6995807631075834,8.8152438407517977,8.1076455041212583,9.9604689955011807,9.4578796822276345,9.8218705662365835,10.000624510480257,10.112279797311864,4.9633282815334354,7.2541329427890133,4.7047452173044491,3.0248836708185394,1.467171168896769,5.7938177155476822,6.576480839969193,2.2784271340363063,1.4310157494657858,3.1389474563020059,3.9737556938300216,3.7834495783274278,3.3141587127290677,6.6128678399175982,2.8170870494131321,7.0311829737379341,7.9490427338057827,2.6619640939172982
6.5860586708986801,7.5858578745963428,6.2475570576011847,8.2307329101914561,11.191997552481922,10.388019059394139,12.312055577713835,12.011003431078642,12.57399464151576,12.65007035916971,12.856027539649361,7.375360146177826,9.5782059659714136,7.8318914603533969,6.5070954321753334,6.8470699658752778,8.3078587817217908,9.1204238989967692,5.7785112869219475,6.4636239670485054,6.1490812445773173,6.3005953593638822,6.8694391639815677,6.2675626384339864,8.2133100274228568,6.7585641555194229,9.048612819709632,9.4997470595269746,7.5387539913508661
11.620206344488331,10.357247253494378,8.8089045705362281,10.979306989185837,13.277679331425098,12.515478386003636,14.119186477495909,13.544373010255796,13.68923854332062,13.968740105093708,14.055343368638866,15.248765614877151,17.89841759663733,12.005367409729615,13.848787189444337,12.3699254836826,15.952961445355761,17.382200557002136,12.342128687713895,7.3961919888025136,7.5342282891606942,7.3171027585490691,7.6488003574778247,7.2423035242134617,9.1378896599629442,8.1609733935307815,10.08018684669694,10.42679339548117,9.4161211736235515
15.00246283332384,11.661549011104931,10.282154955917733,12.004806008141266,13.71117881751865,13.953640984783043,14.225222435954713,13.591944509863957,14.081107500131949,14.117543677653515,14.237565730165308,16.089905159164772,18.071663226778156,12.52717483196237,13.152010020126141,12.303243633406069,15.897425311884319,17.450091333136257,12.72915901302445,8.7849889064764923,7.2741716242118031,7.1718908223306457,7.6758574103802744,7.3338903552299399,8.9365334106457013,7.8227319968083648,9.8503185202601671,10.152416962783256,8.4696683801228119
16.319668051562886,15.172270036300958,14.11608972714145,16.25938009006034,15.494305830330482,16.09583156873731,16.033067500288709,15.180778779538407,16.089018434805133,16.176476548111545,16.584931564194498,16.130097558498782,17.736259876423368,12.76307408750106,15.006490806013936,14.266506052477148,15.77271244150829,17.404800704626581,14.717092145657297,12.924268432638371,10.90519210941136,10.853990450577378,12.673758302056953,11.653825738631653,12.550848933032874,11.990766946728719,12.940200926728785,13.404530542170441,13.435269380125433
19.971605762494825,18.906012695051537,17.621721982529081,19.092252744774413,18.777718077143426,18.890005899917021,19.304603068932344,18.157988272987275,18.320451743537149,18.743741741528858,18.961114498018439,18.307123953530734,20.392896894938403,15.623273261107016,16.930831060541216,15.649300923969491,18.579393233950562,20.123462844815371,18.15604123633247,18.876245138250646,15.001618752616558,14.447314176722841,14.937293674429156,14.48729807854032,16.233470422902791,16.636879725783231,16.538448249287626,17.258273423230442,17.702473307335943
20.358671519601252,23.023319863963522,21.346774137475784,22.541836223456521,22.318785644626693,22.433982639827676,23.391384103300034,22.367350698445321,22.635543312603822,23.019056961153474,23.098464724216448,19.081166688727542,20.663263318853708,16.219062455756678,17.203184701237831,15.997020947163662,18.717127929571753,20.435144796349078,19.131678991518967,21.26934855193484,19.977409235651514,19.417298097873193,20.150796742140209,19.47045636376847,21.151651490427653,21.826204936955889,21.264123976640725,22.140722734543139,22.901658412142268
22.902755893497414,24.176608685191894,22.77433898933387,23.968852522339354,23.824843275257052,23.96788517005912,24.890625078478344,23.534644970048326,23.645279899641906,24.480482564473306,24.851981916172626,17.817458748868106,19.261314038074573,15.227351801419758,15.823370013255207,14.657743854258783,17.264586294626419,19.004142455638515,17.762652941349891,19.507493915003998,14.644592831795329,15.832695650909884,16.586187057935369,15.632771782072638,19.255310172282385,15.696102412525953,19.221908307071665,20.386431405223398,16.051465324996435
24.130531225060025,21.591152973345899,20.781825905378753,23.560911943932844,23.572015718659621,23.233170503193165,24.471256753948339,23.31995389527961,23.499090568524323,24.128501471909843,24.469195953042998,18.043395295838621,19.242747151362309,14.772020613549856,15.556579666949261,14.517601945593313,17.033258418005019,18.803803365983931,17.037844309027996,19.39401546991413,16.909790839203382,17.26682425771012,17.119312613830786,16.637488351812465,19.700571316759898,17.687816640824153,19.800132055394194,20.877437668658295,17.592974785001473
24.154906198296679,22.057263749323006,21.05926899042047,24.51167523229816,24.461706231878615,23.702135174338792,24.870950856475375,24.07944563619639,23.952769918635845,24.467053930477164,24.522517862656187,19.76654595652154,21.190020625741717,16.421026838270869,18.063134536435143,15.970877402227984,19.20716809046553,20.880184319901069,19.244329587161815,20.205382622893183,19.227905862686185,19.165083171711835,18.432509835089817,18.563507346327199,21.071384662124046,19.926616368574976,21.242253842939,22.261187985259909,20.985402254810758
23.679478143730492,24.492254782211411,22.920727171052548,24.678079767145448,25.466168278341584,25.27316906822756,26.188514619078575,25.274867307956775,25.363968381248711,25.716822075536477,25.738358547139676,20.374327664328973,22.105386910705967,16.739435914930795,18.085108955707504,15.943134225508672,20.012363053900671,21.671235594436389,19.575584110657971,21.972602159322683,22.434761725234125,22.493320052137932,22.736867134867623,22.646563731333352,23.794206639660011,22.865237743710743,23.662756233475314,24.879997439416996,23.911469447143567
23.202074458236282,23.05417641310391,21.198416138985976,23.325091178297214,25.603604813099771,25.491660875503982,26.643999882215461,25.161999012084799,25.72226728622384,26.229526618271187,26.430415022067685,19.811394179002427,21.646009672475024,17.916446488253044,18.822720679366313,17.13439743144724,20.096281094972646,21.52345754761005,20.237478516386403,22.432365035569632,22.328159188558509,22.095362086200936,22.290125830211402,21.590495776873595,23.770571323408667,23.284099854617985,23.321473689605078,24.830864841761752,24.421139765587199
23.893634412751261,21.775100969990781,20.682110280334008,24.002182906404919,26.079959672921028,25.904129907209061,27.220011378916311,26.109485038449655,26.432206287679215,26.834162565074138,26.902153255609242,21.625290122864058,23.079300090658506,19.006579917336254,19.482709451377893,17.762887083934977,21.182394210328141,22.704581968147345,21.25132797124661,23.193422007766507,18.324963737541893,19.295999508137207,16.691630499577322,15.827990125868716,24.427362197084555,20.630232930009875,24.106912098525498,25.705684838361009,21.735520693653051
23.603502759978831,18.817439224125216,18.400602704408605,24.513261542030008,26.118407509070735,25.748453697675515,27.40284087593367,26.310034576425068,26.541845372984916,27.020898510347948,27.09494860167559,20.753359640751057,22.021138299632057,18.07046444363521,18.3783974169625,17.104269722320453,20.036432546611124,21.634515076162884,20.058287808416033,21.431300890967321,10.004166428981591,9.8856399830146842,7.4378506773305091,7.7325524304933211,14.203955870624846,11.741726453628893,15.034936157856436,15.431865778798425,14.406922462279809
22.656950151516931,18.450171133974379,17.73606847931574,24.017836976067244,25.223434497473988,24.983929934100559,26.256986921823128,25.346885989809515,25.675391854080942,25.993235946529801,25.783751488499902,20.65035481406705,22.090568188568142,18.459129630303167,18.912071275777897,17.259014404131335,20.24415340580105,21.737424505049589,20.93956411336314,21.264008043077347,11.390491686440484,9.8787534449445573,7.5126182770362746,8.2955432492304695,10.673263342224352,12.52240242887342,12.045062188397324,12.055040944912292,15.515061301145586
24.22794584597316,19.721306361476316,19.182277599045165,24.684813402953374,26.155489106642889,26.343394742620589,27.317640576790694,26.119385370090193,26.498054390877975,26.87947621791556,27.019035264287567,21.134015812602691,22.63755752773708,19.097312476215841,19.407130989659201,17.863087141552938,20.926816851568198,22.400859958349457,20.970768199342977,23.030980009579309,10.200992759564038,10.079783655040316,7.9233795548072976,8.3017564027778548,13.010983397613131,11.613654721626503,13.694410630076348,14.390559011205696,15.432385733032945
19.843035984530687,11.888583773406744,10.215847114169058,16.579074538472746,20.543100133882177,18.860155812195075,21.051542613735862,21.351514158132247,21.705902782267351,21.244582127897246,20.701975661184115,21.124290253777154,22.737106753145937,18.14332325411295,18.533793472820591,16.891907202308914,20.915407274748276,22.383224891183474,18.646186144302504,12.457903521296814,8.2360736268158377,8.5398362400408843,6.9692513719184035,6.8519719754189126,11.200277526735327,9.0842744946031218,12.951013680074908,12.836730335017322,10.012613706286892
9.8803105174506243,7.6745852617650669,6.0978785398316546,10.111637891398864,15.266807024837831,14.474461352385646,16.499403796213826,16.228168928724259,17.449623941829991,17.178008020070791,17.189917105144985,19.674725992287925,21.937022052861153,19.451516997631458,19.549584078050756,17.714708866739166,21.124920099303665,21.873368895062924,18.463202149076714,11.815089501882696,5.9867870279966908,5.7677517895767139,4.2760496264313232,4.3215665678912245,8.0089397264565108,7.0442776727993461,9.5220785656968303,9.6110916818088157,8.8523820139461051
8.1606689200036158,5.8605881651203973,3.9602956873639243,7.6443820890297189,10.541382139874813,9.7042772887653186,11.465350119805059,11.612318370215348,12.579346826610809,12.063893433912348,12.016769125091038,18.985468569410003,20.695382397957367,18.195657985852314,15.888920993094821,13.335160604640805,19.468118488463688,19.979476444373311,13.318295959841819,7.5173109703355365,4.8147946976436273,5.0282601746470803,3.5842340805392539,3.5954845514215208,7.2969758406951399,5.5445542636568632,9.0750965877149099,8.8646088573305803,7.611530193618627
7.2585265852040237,5.3124958654979366,3.571575786891799,6.9552166262710742,12.110139109937165,10.888050499228328,13.791632745795674,13.843252844730912,14.852885377033516,14.408648534739378,14.264518465671912,8.7999552606687601,9.9906892534219693,6.8265227689663917,5.4630577316063125,3.9271163678133263,7.9195663476365112,8.9080742456269562,5.3825596136712264,4.0295011982674325,3.2299532064762388,4.1307381779015344,3.835420948642934,3.521087255414308,6.5701030656518355,2.7560017665656815,7.2454631227601567,7.9771268909150379,3.4195482687156726
8.8983674987062855,8.5796233818121905,6.9338234015462774,9.3290522343678859,11.908592881199155,12.063631624130501,13.191588709870281,12.512137558955281,13.27848437787469,13.342650695664041,13.547812602306081,8.1824448495732369,10.69011042366283,9.1720604075595134,7.2591984408390928,5.3893488809316352,9.8681847424048428,10.572884029056979,7.0885883720729836,5.8420264819213088,6.0062766875382962,6.151807219484013,6.272719205356168,6.4990233339510795,7.0874659930603769,5.4988468399287243,7.8115436280275574,8.3844840440657435,6.9335994654070277
13.319287203332841,12.826673748553716,11.54591358126644,13.653503519949268,13.238616139306458,13.756587973353327,14.252247883854366,13.36185601163276,13.781137135915188,14.037272850516345,14.176397897073919,15.063947139560121,17.713489465097211,15.574055521766631,15.378282250536039,14.840920422199652,16.938905010178459,17.697240704487776,14.860533369873863,11.471472432479992,10.254309999684956,9.8909609368192619,10.122652613227586,9.9732723222129209,10.763788893678054,10.513182730421718,11.779228505310229,12.003273986368654,12.296686848875709
12.624267168063795,13.163152680571564,11.639632382600894,13.567843300840003,15.018470190220114,15.355741301918528,15.517893890810491,14.817816808503423,15.049775584539141,15.141948776870166,15.399437419188132,19.71706045601524,22.006345238582547,18.360724730852922,19.076821914671164,17.727545669294834,20.737719547185606,21.805656824105881,18.591036171182409,12.925128014153607,12.712839902419454,12.819565863115486,13.051067825558825,12.837618015329326,14.639617703526646,12.936139596738634,14.632414813822699,15.77813564556071,13.81566580075534
16.143734920357197,14.985045805939279,12.867587459299259,15.219533512682418,18.488391877773722,18.802718379102487,17.766371116279466,17.300635964496912,16.961021587703442,16.827832171711044,16.860673381873632,21.18948501264429,23.198006429229928,19.082149596343456,19.847698413349882,17.909583521152378,21.709602131110884,23.140031694510391,20.621688347593093,16.074462932421838,13.022445208546166,13.081844105462238,13.360907145092987,13.149404319091232,14.763349497863182,12.860347848159662,14.763100014997406,15.867344512404038,14.147341316988594
22.432541473984124,18.986913115543572,16.29884872332606,20.004970209330985,24.203315743593215,24.517007122825405,24.487953123177022,23.514170122205066,23.279365195818443,23.663035203146961,23.675009030944743,20.131903846001833,21.737695745762558,17.301049718964215,18.212256021669823,16.256569848234967,19.800862898445125,21.455088061514644,19.953616889814313,20.619937081667139,17.747907743192044,18.724837460650008,18.781704479978757,18.254808120553655,21.829283869370443,17.624083128586484,21.096840255654577,22.961606156860022,18.42496406233294
21.52087704019506,14.735120055747863,12.875181478361846,17.811513271648728,21.765979502502837,21.547155955167959,22.244565830903042,21.565977812791417,21.927241506812663,22.041727640628864,22.070663306949115,18.63051209674623,20.384649542329832,15.520781519901107,16.657647890095696,14.312065053611697,18.357934432164242,19.952419313804519,16.815819402763225,13.368616410768297,11.251354225189324,11.899506453221129,10.97356301422559,10.6354836478287,15.254950788510548,11.624734390998199,15.72310934470373,16.555598775847841,12.642928978315702
14.605993579295543,13.482769415293461,12.003224662815285,14.445123118460657,15.013669205253777,14.20895179667901,16.125282002775108,15.811566092927698,16.8606268290523,16.733831655883193,16.902576713912261,16.329642115404226,18.091664426983797,14.761298945092832,13.279534722810908,12.29788088331015,16.122574246574359,17.352390502353181,13.304534703597128,12.061006811295222,11.948097555475307,12.145771879119742,12.528136281846898,12.042500066499443,14.684451639736068,12.142518148610087,14.304217703143117,15.642789741602904,13.897663072219174
16.143692799866891,14.49245439057988,13.128175436660968,15.406656105876522,17.548998257106263,16.445378793585427,18.113604227983366,17.341737361274262,17.548557815532064,17.848905587647828,17.898610386658675,18.022670874455017,20.133485674028648,15.864027613382476,15.598918042928474,14.320456472722142,18.207200546043111,19.614641640006191,15.486230598841253,13.309497700689057,13.250929671014298,13.834607765917724,14.376149621844732,14.032495502043631,15.845651929292515,13.368782560616424,15.883694525675082,16.817405955559863,14.406024471648699
19.504281483977543,18.252953365063227,16.997446871473151,18.963121122193655,18.889943319622475,18.510238849554341,18.953448413396877,18.486209244020856,18.37083505582806,18.432528043734941,18.502108214810619,18.754703432034731,20.62545057505104,16.856046695822471,17.45435176354259,16.022162559178412,18.991554880427884,20.294743062277199,17.841176592243876,17.214081711663106,17.270806654868423,17.316255235035264,18.671212842499443,17.946328623651418,18.920908023053357,17.672368216306637,18.626462898632674,19.778273061559794,19.25815272781314
19.840792827732322,20.412716938771894,19.184055357379044,20.665330586448142,21.339895622887518,20.838171457645309,22.139231500244087,21.183102813669038,21.211367446904148,21.582446836662633,21.591948520514386,20.132883648434685,22.178782039604712,17.84737480340393,18.932912850253338,17.396671974366512,20.523663852638855,21.857242582720659,19.585223859747465,19.104984784850608,18.815215419377687,18.339076369919503,18.099766506859368,18.278055762274931,19.279461512476644,18.676858995042437,19.508410985436122,20.38006328044645,20.20323099480234
20.094263839018105,19.23441686794024,18.188191351543338,20.312950410981415,21.321959448759763,21.162816433339813,22.502855506795413,21.571322315891699,21.922731054387562,22.268293763592716,22.324242379102621,21.24968135318467,23.208210043957095,18.365386402540253,19.533689430363289,17.441018731991853,21.649389441977533,22.957827591322832,20.361291289921688,20.474037893212284,21.13643291770434,20.504948673093807,19.936293295840009,20.085734654552809,21.565992672655071,21.026453400003867,21.957660085534535,22.629657979206925,21.695275361336783
21.694277737137142,21.267923425659895,19.682132501888958,22.092463851192029,21.041484008683504,21.002447091989318,21.758716139571725,21.017140306873785,21.486629184563448,21.635323582704196,21.799257017170127,20.190096264113173,22.351982935599224,19.596917887329653,19.889038397090729,18.693290328603503,21.203396198020414,22.086196501171109,19.969014288446488,19.713857209346891,20.435368327794997,20.125642140410839,19.524775482419699,19.669174293044698,21.38021128960154,20.289158867644154,22.103687704731769,22.685750993822147,20.811613168736322
22.453531797559862,22.13064551162406,20.590670566106908,22.974736193101982,23.34446489057899,23.616409913507567,23.698681865562442,22.595843082654341,22.261752850321315,22.748554091826257,22.866718574983864,20.579976102081801,22.976604171747042,21.134982625109636,21.48233165596352,20.294619628839008,22.515370909113592,23.115929448003939,21.902567929756231,21.725447303448092,21.478973715391049,21.54630181413291,20.972333354020421,20.973438458198103,22.956852402148883,21.315781821580991,23.689222301580521,24.353381466156435,21.876735401237248
23.44732813868054,20.634433863133118,19.431544333131818,22.835733376851259,23.878118300221665,23.18577751222908,24.768406486712252,24.042208079439639,24.219341406575474,24.450102631183029,24.447566876026073,22.512200579135808,24.697935017034872,21.408019023161678,21.898909133523965,20.1771521342638,23.61237288143343,24.53158081475798,22.24399666331017,19.453385276266324,11.568893086113249,12.340940197493225,11.61493124644538,10.999512908849326,16.866620085654326,12.487696098294457,17.35128551601175,17.974023932834598,13.970990085894911
19.689899889265121,12.547639009980792,10.944654955487863,15.928223928143922,21.442375692817684,20.14744469766957,22.394436215134988,22.252681138639552,22.727241272723909,22.608087144589092,22.179941463293254,21.682192597729397,22.997753811807634,19.454165309622311,17.818514108508992,14.29818693073463,21.303425956611818,22.158969589949649,16.846674913475375,9.381421416146658,8.3828584780444402,8.8830143476267764,7.4695476106376333,7.6651664782809021,10.918002687288357,8.498333370613615,12.341523191054584,12.451134103405991,9.1299728841252445
13.523167245205165,12.017151493842498,10.184832853347785,12.96662461112296,17.967088838902754,17.625224551286415,19.082688076058325,18.539016682070802,19.052348708331735,19.063220292572311,19.059089359945339,12.629301719312565,13.885565641720916,10.775986360548487,9.867522217083156,7.8325011462069227,12.174979369698555,13.090568916374878,9.9564651683310288,8.4692566948997126,7.9187708610141101,9.3039233057546369,9.3927956356920106,8.7101207396247915,12.757503714877188,7.7319785982431242,12.623794584103642,13.920026984859305,8.4351993478205927
15.434452624344097,14.05864602429078,12.316986002535387,14.846690566614441,16.320742842862643,15.590585618391103,17.407491148901563,16.856656247107558,17.243031324138514,17.388279984399709,17.434091666396583,13.94991303639123,16.269661450141065,14.32812103345546,13.987525641056983,13.495137446225193,15.52311257156807,16.119804091635267,13.341414614413274,10.847177838809472,12.607422450579342,13.076107956732997,12.887930458541618,12.656397497119805,14.927889477533476,12.194090624257598,14.972766509161083,16.124203838509573,12.302651435006297
14.949892483626513,13.691359410970044,12.034848656734383,13.954866023622209,16.69266825536419,16.387882606419382,17.414473527710101,16.601426582614067,16.621014567250775,17.070805297461554,17.285295092291982,13.783532645186469,16.368378387202448,13.291567153287104,12.807438146236429,11.100115879964598,15.129235511848719,16.22905069407544,12.933109290799059,12.541194508086328,12.382441257257916,13.360813105493108,13.787525294610333,13.143429391722293,15.655460560995316,12.357557697317034,15.725528818049803,16.934904536907752,13.194477377925963
17.591383851309573,15.607911675510621,14.216138255382454,16.728720712705396,18.785892775259278,19.453184816415167,19.685575127473165,18.652790889583386,19.293188431394775,19.488282705596191,19.808568112471953,14.014967173496558,16.642587980288937,12.58241448855275,13.208552179509034,11.430597785715555,15.302507266191867,16.488525183349758,13.678515609018959,14.316480031791045,16.265716305559408,16.77443693718174,16.617523958868063,16.379472287420377,18.738410654102005,15.914610190326059,18.712540725102485,19.875205836299216,16.289373568602144
18.150680701905095,18.931980077167424,17.370263451705313,18.9916863349236,20.669325846243765,20.381266678185,21.647735055022451,20.644953145282422,20.69326468602636,21.159967981825936,21.316709545267017,14.573936074580985,17.017943588289285,12.632055569642084,13.839182382799692,13.34928141934914,15.25291787058115,16.773682909116246,15.065520880214791,17.545895154154422,16.940105526027637,17.155717777593679,16.354848035622808,16.357409317036712,18.902822856993829,17.191395229367764,19.936103222106517,20.329808189264249,17.839392492029127
19.192614588409846,15.446196022741965,13.774264007866428,16.976865583736377,21.346339510862002,20.876378918379189,22.187937246453835,21.613000409236406,21.930968616872782,22.011763545748934,22.074965696602746,16.656675190619204,19.221421810753228,14.92621217964745,16.564992889989092,15.262458002899209,17.760236118725082,19.121307672931273,17.036781755137426,16.13285336701464,13.102989708846707,15.441768543640826,15.717202453274943,14.490615082551081,20.743840443759851,13.326487056389958,19.882079571506196,22.062138272017492,13.263521105698338
21.918320343846453,20.251086344927373,18.730565532363265,22.144742828352562,22.012004712514873,21.582079629720084,23.009898385920081,22.286510162731929,22.677775678066062,22.803719905674669,22.867732303456727,17.953885139121084,20.30753902747378,15.136674683837853,17.603171871342717,16.631489818230868,18.323866456349258,20.017352464649086,18.612729960327982,20.339968570101668,19.667292083049055,20.602190524657885,20.215447314594542,19.923273934952249,22.936140391102754,19.705658424025003,23.189266633651989,24.363405540572479,20.104298968647889
22.42557004943292,18.452883336237711,16.71884560266227,20.950779042741935,22.82444991427969,23.026424108529724,24.091612628613234,23.208419046968693,24.107144164355951,24.21365604488804,24.361761531690718,16.870492165735058,19.066735328435534,14.535239993497562,16.194755205959247,13.775199830562507,17.533694922256863,18.917042827600035,15.740087972751148,13.347958851640954,12.090748529508538,13.849667177596451,13.454303019471169,12.950306952544501,17.306217727575344,11.794133940128631,17.321537465200684,18.705649366986407,12.30783387734256
15.481790501500207,14.333683685395769,12.652091435156798,15.327853204935828,17.832856138006811,17.343508929109674,18.729152844311663,18.140054895351298,18.679078964593231,18.750093918100021,19.006754095620664,18.513362452093702,20.637179847778206,14.080330075828684,16.608952852366521,15.161259350477081,18.247563048854317,20.298090904386591,16.107190941831163,11.058589117814236,9.6685451776210485,11.034929572726455,10.530227079203804,10.064870883518104,14.565673598783036,9.515279754065439,14.709279298984491,15.925289352252847,9.8200443033570224
15.489712814705058,13.914221089203636,12.317664721766221,14.529206179768174,17.259496248186935,17.389704009108804,17.446034127490584,16.743964260282596,17.169602473403209,17.253680447005991,17.367748982522812,18.932248559309024,21.483234450149432,16.846893660307536,18.81735526311914,18.080587924972932,19.839958934927616,21.398600363773831,18.732292989232207,12.567002916562629,9.8196624020307581,10.229335919236973,10.306089099278921,9.9484994517404743,12.36752239559825,9.725931009521247,12.34540003064609,13.540673516437629,9.6135564924951353
19.422455967516612,15.219589670796125,13.589848058011803,16.461799700450101,20.133806061594754,19.954640057836833,19.906588074511276,19.597900170469167,19.93864209059744,19.626725574640091,19.459980040477625,23.062630323008904,25.751604741350747,19.894710989520441,21.724411751035852,19.877423602275201,23.937044602388347,25.604060588685876,21.670924423500537,14.583202081271651,13.287491792781935,14.074655959887181,14.16809487526514,13.637497483478519,16.339040361259087,13.109735975190105,16.255651022202414,17.495185814344865,12.836306265017697
21.412217605448895,18.372440404348296,16.312842967740863,19.294114274376213,22.553286006879475,22.170700515131735,21.921484268456275,21.975358461505998,21.934492342354154,21.384077783399306,20.99382230019301,23.924374987378627,25.937351507031707,20.979235854279075,22.062292683624705,20.544831196302702,24.042716148093561,25.580275237898228,22.464012570548945,20.318435666163246,17.652426263138317,18.346114872506256,18.206454097910402,18.122454132861499,19.492797440257185,17.456808573522977,20.201661574178118,20.963901353301821,17.31864314728081
21.447061403479339,19.477742926843696,17.703387915538684,20.881780366322545,23.703776722018354,23.940266320846909,24.360617784939144,23.868234782691303,24.561937957696514,24.357165268727677,24.385039605574519,23.786156442828172,25.942230302664896,20.883518849239401,21.38214594353532,18.490384966049511,23.946087990611709,25.501035046297964,21.00665652941953,16.363806820156356,14.589261062131598,15.531602251632336,15.016747597940522,14.545716659687372,18.670734151979019,14.860902968789006,19.247559649069011,20.041384500819845,15.453984471900704
16.474338677022871,15.575824675111278,14.129306943050402,17.092955636298029,19.707171101627914,20.531153165199058,20.029292103365279,19.182480986074168,19.32394479816525,19.474515073285168,19.648016380158111,21.306396308064052,23.639941791491715,20.044793041283747,20.279876123118513,18.35054987985604,22.494095043756744,23.326109893278641,18.901724432979847,13.635689749788298,10.926547669366386,11.326684786318353,10.249307070081315,10.256043571345998,13.387101335811003,10.895304660877365,14.348925037281141,14.762175789746415,11.638796204180657
14.685260416039071,14.014043889160952,12.245648671285636,14.847248599815693,19.463861437629582,17.901532686207211,20.22903095338944,20.206244771076527,20.767741886729851,20.488535887710867,20.373606190928072,20.977906539268432,22.988165652220921,20.594389992702624,19.601993682877371,18.241947030685523,21.694248723335441,22.572086670294915,19.292947692183027,18.698555651097649,16.404814999344545,16.204233765842773,16.469717278084218,16.264383483227924,17.80261604007466,16.620438111734124,17.9055009620959,18.790344476724655,18.00424862733081
17.11977499621235,16.845404449940055,15.256010952571167,16.897223629915899,20.35950611254497,20.864281515231312,20.698932527019998,19.768245748882421,19.697989940360756,19.929453030792303,19.939988362874971,24.931629498451983,27.306555106086897,22.429162317310116,22.584340280228666,21.322990861533064,25.422415099836442,26.813346543591472,22.660915449647931,21.588490690683408,18.842850991091552,17.989215822832122,15.935540860018882,16.730618899534868,18.96260652213553,19.422549201891272,21.241808795279503,20.842532372449377,20.745343280440444
18.577496008584092,18.111928211049637,16.338386932300025,18.445848259101808,22.92082226364461,22.773970815583922,22.241145180899323,21.889641492334746,21.284082889959045,21.204576181098204,21.00676173076782,25.607449275726353,28.022387884870732,23.086914292184012,24.028492358047203,21.739749134234877,26.323355764209339,27.851779350891846,24.309147756600439,21.160844022686227,19.903431414450957,20.135752831419751,19.085829848643719,19.458943086891935,21.829362204748037,20.187467844465978,22.795126850565929,23.478537052844032,20.45877295176485
21.386800469634089,21.87690472590613,19.972034023812192,22.430927047061239,26.277466140022668,26.505272722687032,26.844407861682228,25.971990889255984,26.272682129061835,26.355830786985955,26.433119004593628,25.37557684337613,27.073197821334396,23.082832957484406,23.094069309380956,21.724939286482758,25.275325998982524,26.575185808913041,23.771806392842052,25.702764095011766,21.057711360494693,22.856730793520065,22.117820700010974,21.620046731515927,27.132550516951532,21.519640919571664,26.896006907112991,28.729650852814579,21.890736488340643
23.805166032925108,21.226740612176798,19.872658486415148,23.727428068945855,26.441111973781567,26.550244505400322,27.352569652618818,26.468199206695239,27.127778997420336,27.218244571168604,27.482040740850273,25.469116413925448,27.488418315788635,22.964186955870531,23.684212665542638,22.050704950913612,25.735114060010524,27.232809916561713,24.330980464427547,23.734896062233965,17.52934813877026,18.341156830450807,16.510479799244493,16.239946059070583,23.130624984501857,19.299913280538036,23.836563620286739,24.601274659991653,20.579130167873359
17.783549713030794,14.105265126035761,12.812927340950154,17.394223370535407,20.631683754582049,19.564693494812559,21.003551574255354,21.024389844882819,21.612281621563888,21.280031328119556,21.059527590259748,23.176038656373279,25.694922521047367,22.615993584860064,22.671988441572857,20.612998577872411,24.978662176245365,25.861630295528144,20.494382264852199,12.65147185737694,8.8092476922949245,9.0839769408210245,8.1469866218862919,7.797772753878661,11.683484168972576,9.408661363960519,12.679109267274356,12.9464876780306,11.163012082732394
16.827937080599348,11.714873380995293,10.227361940387183,14.198139590491067,17.049039137005352,17.435025653960743,17.590036304446379,16.621573416302795,17.330211594904284,17.490925084573703,17.595409457294664,22.115308606614548,24.531468232988949,21.805066831217928,20.743341567668878,18.44342909536077,23.443169658070708,24.278108614923291,19.169916440839735,9.7320639358399816,6.8747061347091574,6.9602190523525138,5.9687187748384574,6.0060184532407774,8.6210225794478461,7.5869442745848445,9.9909054253346952,9.9883028931044535,9.5768111013049761
10.033870317977787,8.1507002767238674,6.2846361709371266,9.6096323525034606,12.103489612177214,11.774705290923961,13.159324070446218,12.695419404345294,13.455435853973,13.383678109107805,13.615961358965528,18.70697345015774,20.810886493852152,19.585001456749815,15.892476074322083,16.340318662157095,19.291339055727768,19.863988389154123,13.398418898121498,10.340821550733729,11.194541841725872,11.155020879755924,9.874579599317741,9.9991490111016859,12.72852215287292,11.976130728686385,14.126163893838395,14.196435413096495,12.884763570860329
13.790096322820133,12.34530702795692,11.134570533822291,12.691466251614521,12.915733766245928,12.872480698927959,13.667641410991493,13.281239276709698,13.972487972635257,13.855546421251759,13.995362604982212,17.525322493375128,20.504453921815731,19.237492791512757,17.228217717594127,17.471783254507827,19.570516982694201,20.368175425739906,15.588765101112735,12.402647001519028,13.104305835499936,13.22910779125916,12.2394645199672,12.635893674302537,14.422590680659852,13.010185623628104,15.286072716729301,15.823213813996283,13.758128429100793
17.444219291832617,14.289281864167798,13.092815710379355,14.887769379580007,15.137148549301791,15.606415829784716,15.327983633468968,14.593531761473791,15.166257505162847,15.259768550086243,15.440827899154243,19.020760719205796,21.825646694994141,18.636640746346295,19.385662628742274,18.728570677069833,20.593417831040817,21.87999292843741,18.697253934595793,13.945324837893878,13.334925985509344,13.674756067492567,13.151116519957277,13.481079227542857,14.663808449601596,12.822529601317122,15.612146967597475,16.166605440865197,13.271687519275467
19.396165950669314,17.095787678356054,15.403807886415819,17.378943358625527,19.217135193834189,19.329721392537031,18.74319987088932,18.115289291453244,17.856448161865231,18.027393392485699,17.934050362790778,18.602535282606866,21.211154355912399,16.343282401817547,18.063843037491907,16.974081539208917,19.35180667613276,21.22337888805491,18.34201936678803,13.526334636682947,14.944584054943512,15.128842488530935,15.182458045982841,15.258764826714675,16.246595218270819,14.478049715286303,16.64766655674817,17.422636163060389,14.782682106785266
23.240952550712471,20.111106982763431,18.102551510363526,20.135447682105919,24.36628808286747,23.665903784342419,24.716896990961551,24.308674071053019,24.225552653440175,24.148282883898702,23.847326720097918,20.703231398963922,23.207277992420863,18.957631901716674,20.360651648092208,19.618242661868578,21.671541441374742,23.153795275543168,20.792457034320201,18.448670568747993,18.556374516687782,18.579853616015072,18.113043137403437,18.266039293386385,19.725871466692325,18.267948857897686,20.499225267644917,21.004696023554224,18.203099793754546
23.625839970572216,22.465877586704067,20.949427772873626,23.748628611195599,26.058623465802697,26.159408092710763,26.774653253997037,26.000488657945404,26.225455898097223,26.260361440634803,26.236966328206499,19.676607366119363,22.17129512494401,18.359402433210342,20.523408804068467,19.511920590477089,20.945343726347524,22.297759758312587,21.738501274519713,23.162684376242034,22.147742487906193,22.702659213296265,22.601572134754555,22.398611910683933,25.056550733345347,22.278715187348887,24.93243127787251,26.17236760992445,22.604328517281537
25.106877035654811,22.765162541244862,21.148879969902929,23.930288476266966,26.171206067969962,26.072970827153981,27.332461521335972,26.396364575006558,27.161002044001016,27.327596946220979,27.636657578388821,20.847924076585898,23.37946412702729,19.361944296105627,21.425196964946025,19.658974901571341,22.377712452506294,23.82577739976832,21.627041623726328,19.68847456698942,17.933796112540136,19.204322064792372,18.757816735709561,18.377062162069336,22.304710604640626,18.176043755386495,22.775536973032786,23.724747113245023,19.559906262634584
18.457406473386911,14.7888373390171,13.061223454986134,16.769723832519098,20.701421164406746,19.667742715568608,21.874486658953096,21.892731247343676,22.699884849682043,22.391056632026761,22.211011497234509,21.357270157491804,22.482177512512642,19.26668058938904,16.204561370248861,12.682127768559688,20.368196769706771,21.467746586609863,15.655382223894712,11.972941058126381,11.88518568282992,12.457791180109112,12.040469051744559,11.696251421753601,15.052117373835472,12.117181874040213,15.826705837005356,16.34729046958077,12.837628196390924
17.537512404220543,16.188036463639058,14.800007326058349,17.772185149982867,19.22742250277998,18.626822467902663,20.540488900337976,20.150757586999617,20.829223345738676,20.845099053921565,20.966215128147574,15.045993222193658,17.111757417472916,14.331524614547703,13.612854310010889,11.613887558578348,15.559171084512421,16.838340068365738,13.400400350994104,12.543358025502513,14.434351184598938,15.333470065999961,15.335769841419236,14.842348066790272,17.331601958744955,14.001442317891822,17.658126086474155,18.642251710956202,14.012143647850301
20.230307546482614,19.779540282711125,18.176039072210294,20.617066157627285,20.769762332596081,20.544980857347397,21.603793252377287,20.873733390685821,21.241619127813131,21.441512577703904,21.47684100395535,17.361607467970678,20.124608691204301,15.100163044970934,16.365232892303716,15.580893396837538,18.099984412937424,19.943890437895405,17.24014779025233,16.052235027445526,16.745181396920728,17.533481784914201,17.107580468384171,17.088271378576401,19.541143606898473,16.134512988199134,19.653440816436294,20.797454019859551,16.150806952125706
19.705380125264661,17.328363495312189,15.748330277918434,18.08949338481743,21.836839021135823,21.70955329551159,22.472563360228399,21.629270889493725,21.632202266211152,21.926050272851022,21.885335044395326,18.963835237210709,21.30392629201819,16.057864234529639,17.080616648008736,15.188265756587889,19.139078013968351,20.979602504483545,18.067432850277847,16.476425630608603,13.790687758362836,15.057001624440474,15.296950810338075,14.638019179750138,18.199146909210448,14.049885905221643,18.803845774047865,19.648969370419039,14.444707751771041
17.404373153843203,15.801739107757008,14.022479672678166,16.382232145635392,19.561779677526744,19.193065144971726,20.40866584533407,20.167405187568512,20.552963656292953,20.436469684803662,20.392013061484086,18.535836150730937,19.737491248115283,15.368464182194664,13.996115445905431,11.041537905517416,17.265130416947507,18.591752125720767,13.974241648388286,12.069383074322062,13.865591053601584,14.745129973475784,14.41924489948633,14.330046893497943,16.814089326457498,12.955502776561261,17.022279320267288,18.089436749280651,12.739377673398039
20.37213965290421,19.517820508277744,18.311837361975527,20.574360103272809,21.979690597969601,22.082830769724488,22.677165650655567,21.853192603098435,22.243192981641521,22.465009331663893,22.582461270529059,17.215186945428407,18.918946168649242,15.095997094916981,15.691435689187685,14.984033895865856,17.086049018213146,18.464851518509818,16.171813601405397,17.661367191102919,18.00634257892397,18.600105812816146,19.073829180264312,18.574040162406696,20.695625284756709,18.123695319918731,20.824707433121617,21.753299073667385,18.759977290302501
21.844904077542516,21.104726686817131,19.706319581147667,21.265067863732895,23.419346020513927,23.626517836237532,24.149968904249327,23.340397278913642,23.688925121405667,23.880552353922383,23.95646507545527,17.038369270193058,19.02015570088065,15.230201909993298,14.722839435434253,11.97193321641128,17.307137460980826,18.666769322413536,15.003110867024603,12.79152944459387,17.887680522754039,18.007113426565944,19.389442313165979,18.875200210620854,18.962407826751054,17.197362136478489,18.886240493716009,19.795030879985291,16.335254628133796
19.177901436021614,19.286793872202168,17.535467728172968,19.501397464255923,24.75186929582496,23.839755853053894,25.45005832342683,24.905909593888303,25.032511498470214,25.270427273916461,25.098763478927637,18.463225441496817,20.077495706475538,16.292186784023571,16.690584290512469,15.838851383671582,18.412104498895694,19.644568678630868,17.272938500817965,17.96160202834087,19.945080185926372,19.879019546928227,19.399573902445084,19.533894673409556,20.778914888861777,19.855444136877551,21.784127994686472,22.071043740215359,19.902111428896099
22.106303485942853,21.114894127680245,19.525312438321684,21.492834977764304,24.644836138137265,23.903344293844825,25.345708870943682,24.965052671399469,25.276203430104147,25.209869591172946,24.973513750839707,19.986091151963358,22.600965285734333,19.145599087951553,19.144681752440661,18.251028372495043,21.020411894676052,22.463644612031004,19.469200552000174,18.733208863026931,20.54088578453193,20.834132381193477,20.937734029749272,20.725511306831706,21.776639624965142,19.837177678431992,22.176684538529834,22.900911561563781,19.788731297992491
23.582362688988745,21.923239766795177,20.716761995341685,22.883387709204428,21.443582541376159,20.851316570085544,21.917443419731512,21.55835080342802,21.666504548862939,21.614719171671666,21.422537554357042,20.424822793838871,22.604748236912371,19.36653905586472,18.390251708611679,16.401886332307427,20.926436150054847,22.222999640855562,18.278207123864853,16.094267600853925,17.583307064010128,17.645077407005672,17.773480578384451,17.70768770303426,18.67354075842912,17.386862191949369,19.238765093323316,19.784711123493011,17.854530182685913
24.763316927906168,24.264316914015623,22.91243193088669,24.679235938214518,22.35555420889213,22.035372905179749,22.940533939004439,22.509063095928042,22.667446557844457,22.749388040056509,22.683130307729627,21.131356504787192,23.667055920720131,20.574629161635556,20.699948828103125,19.004121982628469,22.431737169991543,23.700833558001477,20.523981555200066,19.137466572811881,21.145191017427166,21.348153839439405,21.103041121357897,21.161209177796572,22.623647226275402,20.580265973868897,23.32036994537922,23.819324207941776,20.523439319639387
24.183217835258063,25.198172149330091,23.484321107977458,25.067800498280022,24.802180159735528,24.788437338631752,25.559508664247133,24.689630613254231,24.54808983005492,24.981949720918088,24.906163747644335,22.39256702143873,25.101964097469022,21.929735271977741,22.420303813964416,21.052360107831326,23.846372625554693,25.175630476541883,22.913731119962883,20.942681277020014,21.103919970210185,21.064145795755373,20.35670828524178,20.507965434764351,22.595798634668434,21.15846017825973,23.785604688208672,24.043518662183899,21.466556148536633
24.343486243538067,23.2429600938056,21.697080451249107,24.172579903352549,24.915788343675857,24.951627942147631,25.659744424961005,24.926442588009415,24.92437013136869,25.141888913274791,25.055993231901503,25.520809807757566,28.077958102877723,23.75665490854346,24.290913764473828,22.81519638080929,26.223014926454212,27.884187772847092,25.097527007465558,24.991926130088544,22.617148952658326,22.103371292819993,21.13322916296265,21.4087081275161,23.065538626024413,22.853555652710192,24.746780156885485,24.551376414423913,24.168792164529563
24.175228508208214,23.047959528967496,21.19445489776119,24.13372313742159,27.104790519364386,26.432634935976559,28.06369175272556,27.576858685419793,27.993631545753594,27.951935695040632,27.849558114342301,26.443547055181462,28.883913226097249,23.865438392605469,24.841920023406153,22.951613312255162,26.630332690408487,28.582782574059515,25.633256972116705,24.860622898889794,24.388460510673902,24.367065943462315,23.211384689390897,23.707699725126147,25.080443678321771,24.09987957977939,26.717736711656784,26.699323947516021,24.489320193599511
24.567071069313734,23.486485607747433,21.845705593221211,25.241899428841343,29.102000088086683,28.640364156827808,30.044350017193345,29.386178036649746,29.724775030148521,29.782435540613257,29.665844635613013,27.105075397306784,29.836934394379796,24.52512801061112,26.211550164761427,24.058908394586098,27.813618053349131,29.8111900851938,26.803303818875008,22.615551839506189,19.367522518226131,20.833701747329876,20.005363234022411,19.525769784183169,24.469642951515567,19.845338049640411,25.187585922210147,25.934987195824668,20.461052731568437
24.999273197169195,21.586502861780644,20.049617318284611,23.342998739646582,25.29128421630098,24.955663465862393,25.486204475270277,25.286133111046233,25.524468146903409,25.412118156330948,25.248388582648793,25.259157598904167,27.491133824934245,23.258145862109778,23.656195252731244,23.076534680346086,25.415152406049046,27.134490802713749,23.875826240989859,17.847992842806285,16.177360773467733,17.355067040339925,16.969570598549609,16.717264624985951,20.178545192670754,16.094444661640757,20.430607325680853,21.393007788510708,16.015575474896202
25.881672704224371,24.055466292313334,22.49404151715175,26.541008303338465,27.636243456125072,27.635494682409892,28.213188934197042,27.70187904661136,27.985633969970337,27.930185061459376,27.766414661258999,25.651719578093775,27.652351858672567,22.675612433389404,23.519123740387876,22.51339184564015,25.448674059182146,27.25573888868395,24.719860123284533,24.349152055251579,17.006891938812757,17.645027970272231,17.571782833143132,17.169895475912121,20.420787288655809,17.714419995379934,21.573485710682455,21.758835818576877,19.04533453484413
24.369725968524214,20.522261992737128,18.937636841467558,22.703902364266085,28.280766099479095,27.39762080804681,28.996884989916964,28.469610487407564,28.443236555133836,28.655679525207113,28.309354633984519,23.245381349160908,25.753302705030634,21.908062370123936,23.101413441090038,20.918885796596918,24.387185907411421,25.854748179869695,23.154316403184502,17.915746383358666,17.586832468152892,18.170730646838933,18.203426896102187,17.672469366361035,20.450711013447645,17.77405465506007,20.989739365878727,21.573477070842372,18.270442431167076
20.355521727926003,18.773066551233796,17.201371379791155,19.831753701935426,22.400427192196148,22.155146844807298,23.294301091636591,22.645391803786133,22.831170008197155,23.103947321642821,23.175397559667722,21.379199671875227,23.232142571534716,19.43373169900628,18.50880086251194,17.161062470487103,20.997337262382381,22.460966447845387,17.959260659222565,15.721246072819554,16.080368737857903,16.23353459273455,15.979158201264646,15.77587194123511,18.22230364478844,16.135626936718552,18.742985315359043,19.3205981268882,17.141518075574766
22.542310933432418,21.100972757142763,19.942880628793382,22.337548223730565,23.426637597051666,23.44940912736827,23.933679854052478,23.100675214014558,23.231295248313934,23.610164517899143,23.635138285536492,20.775287041500718,23.334536203509245,21.327544257744933,18.631475608124248,17.451562696191687,21.999801411227935,22.920537205650227,17.65820490279593,14.838085489535175,17.646700510963086,18.130945795565964,18.515551235911687,18.103622877122696,19.749634000035847,16.985417525468506,19.820856896017077,20.707284493877829,16.903018624105563
23.754838060837024,23.20869080042457,21.287575357116197,23.657697758042346,26.600796960718505,26.856131157180094,27.471019350132885,26.617228228909354,26.744355466059766,27.062159284873552,26.996763783240304,21.092377807887686,24.085027660286045,21.614385092291627,21.83218369393672,21.264566210156545,23.018409658965474,24.071832278393885,22.039504814262983,20.865510345677066,20.716692010312066,20.617760763816534,20.552913332745526,20.409299596677791,22.020837019751511,20.758884293107734,22.898633287538985,23.241879041411529,20.289086505475993
24.36516961996449,24.348152116456973,22.544683778321833,25.138611332601606,26.965585026123328,27.131931542131952,27.830611607092742,27.061946461289565,27.391179039065435,27.550154700100727,27.459856060150379,23.48666789932566,26.187455844000979,22.793273831183875,23.684043994708105,22.316586806212939,24.701645306828382,25.967881665686335,24.408873350364367,24.216172408804937,21.428204011087793,22.325802626487736,22.319166665443227,21.911880235260867,24.504870930906449,21.469146308006067,25.275781079281295,25.826017537535861,21.761876969937319
24.317614751057803,21.07147100402814,19.880044162221004,23.849836992743768,27.888531757652956,27.198789778778419,28.623844224902953,28.179724522492222,28.462953759075539,28.579418720719389,28.392095813302404,25.193181172523843,27.750168448176979,22.83439894984356,23.655973824587576,21.173729408691493,25.601808780398358,27.350371402558423,23.503879991544309,19.618948796780593,18.187259301855747,18.622594018177772,17.927963713168261,17.576885302261552,21.269877659331925,18.487457344518639,21.96549457765898,22.477056147967069,19.354554806623256
23.35002409933012,21.765789063302918,20.461148752504798,23.028426587172945,24.090492476855658,24.195901964017366,24.184622244460904,23.869796213587172,24.099804073990178,23.991378633529798,23.872752076436122,25.353251451964582,27.923794385978525,22.89409253006901,24.316194150319483,22.17536267011667,25.728418354217617,27.451841922519179,25.125870432910787,21.689935270807531,17.299688935334594,17.472254688807233,17.262936331953597,17.190423994071779,19.080186065237783,16.673902495843556,19.25155236418999,20.158453362791306,18.312748496242492
24.88621593662846,26.264814776046592,24.598948708264714,26.781294406347676,27.130974122789453,26.69171442239918,28.129323796526982,27.531853760723287,27.900493756493439,27.947196411731746,27.829498035498361,24.202474226585444,27.034628730267613,22.335416973028707,24.322759060292867,22.913095663761474,25.156768197262387,26.871880828850273,25.497476712301911,26.778968308239449,22.728445194043381,22.550422999213218,21.647184251764699,21.810410220453889,24.25254173273337,23.737429419793102,25.813933921232341,25.727253156452491,25.277259657626942
26.201367104719097,26.821868936761383,25.296246106075614,27.242586561294019,27.994070519207213,27.611343672080423,29.364863536297584,28.675959754263147,29.472359875818256,29.506330894335157,29.524474639856507,24.20315462722499,26.817226907350239,23.691370298739912,24.380843424851648,23.185914006445643,25.579892422066912,26.837932659097113,25.209935680817054,26.80887671205469,25.001315481661294,25.729404106239173,25.364396804955668,25.246531107852469,27.46585138101576,25.34201305782468,28.335582473233139,28.809849272604865,25.421827895982794
26.710709678152917,26.815250007827572,24.913705513002917,26.957623017268077,28.865270363875652,29.372286254847602,30.142153823152277,29.092718630916977,29.624338991202372,29.900385053202285,30.000835546217971,23.73024194112066,26.07656279329349,22.191002541082824,22.60063802467922,21.718697171941223,24.282975759666265,25.802593226613148,23.59946549281868,24.468461827246209,21.510475990259089,21.658293124582151,21.98503262114766,21.181724685089009,23.583346652047624,21.974298409554748,24.272856935937256,24.480408175677525,22.592067464381735
23.31138003718673,21.083389092402243,19.99817298732404,22.083836076946461,29.583938006190586,29.06128358008209,30.641971076420795,29.915309296896126,30.393832331195114,30.589272361237406,30.555024796343339,25.877443257722895,28.183049995634526,24.222145125251124,25.083363779539546,23.470785567166523,26.696832566502415,27.973055315934126,25.205964761761713,21.420376167630636,18.110927791320456,19.157601452000705,18.931927468231358,18.213453966680333,22.556773305115648,18.342629891054315,22.88686384682449,23.692208747874467,18.554724200323498
25.792475334259834,22.662454997510054,21.256682848272526,24.097611865647458,29.9048269092456,29.312044876328912,31.118641350582529,30.121071911740813,30.485416350584579,30.809879463515927,30.807665937848078,24.818378785517261,26.926784149591931,23.153204846086425,24.191207689029774,22.805596181940665,25.466723269711977,26.673207256448599,25.018024701721117,21.946066743557154,17.642195257503786,17.905204490863625,17.484770472535232,17.032578690320364,20.751550224229639,18.138157123163907,21.100804670251641,21.823100918552768,18.278336003372253
27.139812938706392,26.470513113361037,25.048944265009276,27.431011119883031,29.787691637239135,29.430571934981494,31.425655304603069,30.616076114341119,31.696154756139222,31.755482845453692,31.877094085440518,24.713259104018498,26.747296338105158,23.204416170548086,24.133009484660271,22.841701523240495,25.396043071795667,26.480282804597628,25.081464148558368,23.654021616651185,17.892534277226346,19.11508068823241,19.328420722367255,18.793372044798396,23.043864072855918,18.123540507571505,23.050152137232615,24.108126236706141,19.086706925177722
25.607906570517137,23.431284242008552,21.964056085618232,25.653273337274861,29.493506104783002,28.752277056716679,30.329247466290006,29.717399157302488,29.740469980458414,29.992138611117412,29.809324567554079,25.15766401419878,27.426056776610579,23.841754230401364,23.777435662088912,22.03757874799502,25.885675322487337,27.109848220224087,22.891223718130739,18.588726065942645,18.126919953112051,18.856831609057267,18.939155354855338,18.57206102306796,21.60658786393526,18.487303077423171,21.734512798443212,22.678799792154493,19.630396741153085
22.158973213073487,21.703516708063979,19.925334430910041,22.353293967365026,23.238266179886139,22.988872437350494,24.304510905732975,23.881704774976939,24.769906979617531,24.635734127683342,24.788052662510864,23.412679303396125,25.732566572402696,22.950918112032291,22.691560125246923,21.517825260130166,24.580867719788827,25.536496296817127,22.307133436126257,21.466091603558887,21.358294038488275,21.388992022285557,21.411004534116195,21.300989831410611,22.341423350826815,21.889560210679029,23.671627504777433,23.679346312740108,23.492172757435796
23.751676718754375,22.875361342950583,21.617692874148531,23.911289891701713,25.641017762858844,24.847804638104051,26.38572412296665,25.990945105667656,26.292351271768595,26.442978608432405,26.485055517362781,20.90465833475163,23.797285471491762,19.600489253900257,22.141035626185676,21.03229692377009,22.745623899369143,23.983148808999161,22.374068309582128,22.822057779551628,23.37241976153215,23.144213594363336,23.313890643701242,23.21896556610637,23.509331435376495,23.431722270111571,24.659426351069236,24.644237203732338,24.112129651110166
25.195736075336505,24.411752515124242,22.819864038440251,25.05074845906676,26.238742708762885,26.675005014004796,26.689093825486104,25.706217654197722,25.581305805732953,26.008107111726851,26.124129922696312,20.323113441657569,23.135978474583688,19.252663460762058,21.240216525042968,19.615001453343005,21.879543588913741,23.351510541301508,21.91565765026958,20.547873512736302,22.071200254201116,22.969745768336729,23.525933060643254,23.107378862799571,24.631969842472991,21.175153008477473,24.275876665120684,25.616770613443201,21.139861103155006
26.463724713203746,25.525798725019399,23.836418629014005,26.171904463204335,26.61121004098672,26.289208170846784,27.000956900071976,26.386358507459278,26.067968896744532,26.33349502113181,26.225761268283044,20.245033035449829,22.713017356147212,19.335827814650465,20.387985270116488,18.679006516178539,21.539824966961739,22.78556242642977,20.847218343805658,20.219196075452778,20.707230346721659,21.024614164302314,21.214738645116711,20.856065717589523,22.807345947052859,20.73999350967221,23.471687994168718,24.020328661635808,21.316544693241028
25.010987354369512,27.716687193463081,26.134158349793736,27.985848927964796,26.455198846129889,27.146648753173181,27.342397499288332,26.273205537437612,26.533920867431597,26.900636124769456,26.969250583957624,22.85726497245949,25.329415888980556,21.7512907856404,22.594347614518362,20.647421401406149,24.129086592719055,25.220478478670117,22.603836544422926,20.755037459473613,20.033277860902878,20.385878479741237,21.169293477606047,20.40139160186574,22.480503384308477,20.34267644012256,22.965363818746567,23.407194177925049,21.049735424714257
26.513764239105249,25.06861299863602,23.632822831173698,26.233820466920669,26.286113232417591,25.834022514860777,26.695892228881732,26.360148194309488,26.341788668005584,26.411161607646456,26.282300108331341,22.324059091704903,23.885020566256266,20.625920226342039,19.461203354753032,17.605716906682154,22.270582885011713,23.270129619723868,19.045020426758541,17.23846007631272,18.96357202168025,19.216540120058816,19.404494979153966,19.004947180170291,20.752012005795692,18.723516649811394,21.335213817560785,21.767264602934723,18.780410932173005
25.296126167337704,22.299351870890227,20.943634886250841,24.351590736270751,24.018560629022133,23.69216572656574,24.427265905757487,24.105016518745593,24.458463498267072,24.366494149294539,24.309855324856805,21.62360712484697,23.511099804815139,20.637098114958803,19.854580957082668,18.870290238003271,21.951562737819636,23.041136146969443,19.407784490921806,18.796560693027438,19.129065887170519,19.813304059417177,20.406509306819736,19.54940532470426,22.110026294781278,19.445157873804845,22.167411757880068,23.066326990205063,20.216018027162683
24.425856329561654,24.39447499041394,22.75212661384441,25.19805838870105,26.125948407808949,26.609993281967384,26.845796409573872,26.229932495194269,26.559236684730358,26.710495584888989,26.894296624311153,22.693399379186793,25.04115193667888,21.252778653117943,21.561950259342154,20.246740884423538,23.497095885469655,24.799109266028928,21.225408928902347,20.279390133649386,21.778604851630504,22.588883747818485,23.481762783164989,22.681273882052608,24.432212313051075,21.403448225766475,24.316718044761799,25.298234683777551,21.26916007085223
24.789845870498162,26.171271329186411,24.32870060727997,26.248694219605639,28.388452495887726,28.104234388788399,29.335791091319678,28.703852067661636,29.24214401314164,29.360376128016576,29.447856355247026,22.591921372302416,24.990283907854739,20.594122816316293,22.163656237150676,21.686840494912964,23.335594374227774,24.765865514221183,22.130635404108617,21.930717838641485,22.22107718556542,22.630366901371794,22.70263708105022,22.183229139095431,24.746329621416344,22.324411922366188,25.22089167487033,25.850036188720175,22.529115603677489
22.040546418385254,20.761195702389429,18.91276988428627,20.889096988675043,26.85987088486786,26.716306043937898,27.513380690548594,26.857281225429148,27.093428132233043,27.298613305250925,27.250473437670379,24.584576909134348,26.643641925142312,22.583595070335342,21.945170960745926,18.808569725702867,24.843679741625508,26.135045835556355,21.450174439975065,17.367716761564303,17.295957317710375,18.244372473073824,18.53933971042796,17.943463654295833,20.780691020428421,17.395152192612443,20.878004017856028,21.790708313313843,18.266687445605513
18.569644717870496,21.333115430108968,19.740534105965537,20.767780060597119,23.721301947107385,22.878793574496704,24.59555527663295,24.107380151811121,24.194765482859559,24.495063598798183,24.474815722500189,19.37989508448215,20.80472179657729,17.711689147627197,16.899272610193961,15.235764872026145,19.094802693571211,20.111834352772938,16.808514704421576,16.455498460135153,16.359935621367605,16.928194738543517,16.524800047536736,16.274875339775207,18.741520988995511,16.594389843379766,19.766078719084533,20.018240168869646,17.386659077848336
22.541374882571787,22.376639052416543,20.898349428553679,23.480044691776612,23.828502812004039,23.421669900804602,24.780906685042865,24.172239291206424,24.364691744256369,24.668742332627943,24.675806871770497,17.169915129599225,18.847660480895726,15.550226421185158,15.679827745079102,14.605498909412631,17.200931922871099,18.379400854840078,15.65393269944844,15.783217340818418,17.754965587331476,18.336970452906982,18.816064355076755,18.425943994258411,20.372182167153582,17.436192310264481,20.048345938473318,21.227550170021829,18.136117578233375
24.323095798177256,21.950787588149424,20.476007974853729,23.030763760977784,24.700016931871154,24.656211720406105,25.790892289315799,25.399870293464772,25.946746949358442,25.994405730622951,25.979177947180979,17.62323305957127,19.810206842526057,15.34608005638654,16.443625067379628,14.753609231237526,17.675609715116245,19.39521632657268,17.138690423423064,17.145810603472128,20.524155165681279,20.714744199923558,20.821248538368572,20.535931727312573,21.688389143116346,20.171292260005295,22.252883322131225,22.819302602261907,19.964285801104268
25.261220360387284,24.468829448841809,22.99163936409284,24.960414205954578,26.034799920623108,26.132096164851141,27.009162843800546,26.301135004980544,26.632494977459736,26.889871479357296,26.862138277545121,18.809451126735652,21.348519224156874,18.259807802576304,18.087193171536917,16.540099392303524,20.170981473042296,21.309451108551507,17.535468161530368,14.70239353796601,17.055397919833176,17.661011874246782,19.009446121387207,18.162061672231644,19.699888991559632,16.412576080023761,19.070536209594906,20.416527093077384,16.502103369578684
25.752082444257482,25.131955541838707,23.419580243944296,25.684516561668204,26.931431595509409,26.795584233910162,27.439361897473106,26.483559799102835,26.295358987551758,26.776888794677177,26.791918428982804,19.296895720697655,21.875337258968848,18.646640104364465,19.938569134146618,19.074334572025698,20.720324984870274,21.99326659479221,20.216142258961021,18.435341990266593,18.347819292724964,18.602346164143199,19.314455212869404,18.725385431567659,20.367519581588617,18.441751966113074,20.444413347056674,21.326456613232004,19.128399083158257
24.989179109879331,26.075056469341682,24.569596330877317,26.415527915991646,26.965396169232072,26.390522482427265,27.933479817762418,27.31261561118248,27.535015485170092,27.688325466892948,27.63043198345391,21.747048742278551,24.449794953444247,21.300389777966544,22.478508210370812,21.696717172705746,23.348664663419171,24.509258987843296,23.048580548696599,23.541466488764158,22.828681886204926,23.066510572128294,23.371570388493318,23.107007241112044,24.68346766753433,22.812378061052833,25.189762512540597,25.8193396465714,23.346249707697353
25.320806937684821,23.76544291260825,22.135672089208796,24.359926457215124,29.036051700623148,28.013038424993141,30.132546483852202,29.678749490431294,30.007204535915626,30.079753042713278,29.880868409034555,24.455119785482744,27.144416094250673,22.553286156507475,23.985403703572089,22.044177365493006,25.516390512239788,27.010419661711254,24.471533934021451,22.232346040626965,20.093856636391422,21.144113014047186,21.876623926794295,20.985808752995361,23.90035152144349,20.353616098529663,24.314342680247357,25.060604129324886,21.355752358481411
24.602531174400184,22.501004680045178,20.92808143066776,24.344311381659679,28.016962010054115,27.630116640272924,28.069242798723934,27.545893106885003,27.09256091676825,27.359428229870637,27.103036832901886,24.120382085470723,26.655949613923347,22.071692321525795,22.372630525816845,20.137670585572437,24.759946317277084,26.341662896534153,21.99755599252498,18.492092627836726,19.5351561477178,19.667157038924657,20.008165715345093,19.546193418338824,21.117111040736653,19.455632724719742,21.251692281022322,22.058702512576971,20.080531618300206
23.877831972859845,20.077736445825323,18.658475829909243,21.998088284095417,26.513463970934616,26.317460824671826,26.786389431796486,26.359898344384426,26.514799833839589,26.539441698631364,26.294823938188891,24.385334747311127,26.425285434785238,23.278585192221684,21.403619594655005,19.442616598027989,24.627318291267642,25.647409847675007,20.348475474092439,16.999900771268088,17.55695305428015,17.894260677240943,18.122997101231675,17.614321711074389,19.737830753570776,17.70874007347232,20.128769105890484,20.79244662319411,18.233670263028735
22.713147817386634,19.954461456160182,18.533592939100458,21.457619683819608,23.567645387725193,24.359621427256862,23.77520077560132,23.035795026324649,23.381355269191836,23.469430520884003,23.509712039186411,22.728184055860808,25.463755588388416,22.043711513165228,22.034793917686073,20.485644486242528,24.204348518177063,25.440047934539429,20.869608866768274,16.643187284990198,16.966880707456134,17.36528641885355,17.592252275158167,17.016333745236246,19.255098935423085,17.055494843625844,19.589207101437594,20.242426139313807,17.384186833499385
24.68137002375115,21.440189986973778,20.39461309698271,23.217545023264627,25.528015008845969,24.751271862378033,25.42869763427526,25.113238423589841,24.970440062235028,24.993562448810501,24.734003826478471,23.507096621288738,26.09189283774036,22.108618693219967,23.19739731345269,22.240893621709567,24.567109861446809,25.966237425750116,22.993717979412189,17.610984889493253,16.983772669965681,17.284930227839183,17.551855147244055,16.995221142103432,19.426947183218033,17.151585276830865,19.683451575991398,20.426281613655789,17.589788996349256
24.843803555244271,24.404628338153003,23.1976881399967,25.634998863336293,29.184074116638222,29.174896488708555,29.761549731960962,29.214170947846441,29.439608655397919,29.444841710944473,29.151014786630093,23.444546711872256,26.045795286735959,22.147710148037604,23.284737241856426,22.271396028245221,24.631802900988298,25.921825535784876,23.167463593883433,16.965124092662073,18.472806638724464,18.938867234748763,19.427470132189129,18.926343892144011,20.792355620808337,18.231435904878992,20.879647914210636,21.666059864840257,18.391518390407654
26.229495919644371,23.432035472953359,22.524306013183349,25.52182227635948,29.511177753472097,28.379140548093858,29.971486595132831,30.040344647670722,29.967282543459838,29.815226148822475,29.291870642255731,23.381076762192698,25.943488685800688,22.357995898841558,22.153801219061656,19.464386512545765,24.357081985325976,25.805144426054028,22.102121957447743,17.662537855897277,20.742268564970288,20.859149501213146,21.287286368906919,21.003527476759999,21.997593695678425,20.358469260227317,22.342611725805867,22.958144734738369,20.809295202822597
24.701389585672153,24.082296079020232,23.167641046535685,25.329278929632366,26.56900449350951,25.792359343231197,26.599031223723024,26.398251218167637,26.323382012270123,26.34755651390131,26.088903474043065,23.953474787926005,26.100177499359184,22.162741483894813,21.243468978378388,19.396315468696052,24.131367313060906,25.474787809862647,21.355848615347767,18.858570005762658,21.147934687018882,21.413348506928408,22.088967247951089,21.653050924235728,23.13666004802954,20.921159112640069,23.224072255046153,24.008363409611292,21.261012984649874
23.755834301337543,24.940227884619844,23.486053357854971,26.003513001834818,29.491437059150108,28.852730064080163,29.831609257984063,29.510424527816092,29.425891452244969,29.471789412634372,29.174400981514587,23.690798131322396,25.956122888828006,22.091787068862388,22.705052472464175,21.384598422257504,24.402504417662477,25.640986510317234,23.57550450321154,23.310291068961519,21.874764919621228,22.403095683048456,23.198603607468385,22.538299880838665,24.848839333825246,21.917807198827909,24.818449584239097,25.702326498613239,22.542139809318066
26.989008666886669,27.751210293868873,26.352770992194785,28.75892504625709,30.464394454344259,30.44873585890609,31.323347510538539,30.687338889389544,31.115798863957451,31.215046367545298,31.189085915903014,24.164536069163297,26.458143642552955,22.527591081019345,23.003514284365835,21.494013266653759,24.868508861626474,26.079672391028275,23.868894514678523,21.995011262080872,21.093101186943514,21.836020313142996,22.989449778567852,21.847994502974103,25.237295634961107,21.697744830388245,25.113081350793031,26.112360487036291,21.956136899899299
28.653835600724065,27.926523806199,26.536000206594615,28.518238214706273,30.414119140541601,30.746148855346021,31.471801654470497,30.669894639520436,31.228008072600986,31.345032865195876,31.387005545904458,25.044521342616207,27.540953376408829,23.837991926450513,24.355982852431303,23.171908430576245,26.122217716230764,27.282681229294916,25.335774313098824,25.950207486415167,25.655678288278764,26.000321858612899,26.30585705487286,25.984510208187622,27.707506465037589,25.547643656916968,27.943316731591729,28.837050338653349,25.925505395093488
28.98415654486007,28.972635012981307,27.360990344837134,29.408420312759276,30.922071278779335,30.328165617721972,32.153640276185669,31.532968335269956,31.937109220202728,32.11200546408898,32.049860916791005,26.428995012883902,28.973849175179474,24.664972886734255,25.170424553312891,23.150440516329873,27.388345432514811,28.717097017971838,25.927671592036766,24.89314834034559,23.999513061558822,24.546239327519899,25.497047977861186,24.77746339002325,26.730400431069079,23.86457846527302,26.537851905254904,27.611616757406871,24.380459691569669
28.825422050587058,24.510321215076821,23.338684733929171,25.97420214243855,25.734921651614627,25.18216895437461,26.016904708222008,25.68919222976858,25.527352583716443,25.639370937054522,25.439116405781888,21.052427210887643,22.759630816747837,19.082677545019742,18.65405175996721,16.317183827720044,20.935778623704799,22.177351174788335,18.850428800539468,17.125302006673849,19.630149477719051,19.975945505393902,21.436022571061585,20.632819361555121,21.456791992643851,19.178774387430224,21.238929262811581,22.140950747228807,19.491364434239799
26.141919703934065,23.569732856835543,22.237067500846607,24.843128326507248,26.898850953876895,26.543480943343575,27.291222569348285,26.372834843154443,26.107379251421818,26.671318713594395,26.566803888606742,18.316663301314264,20.340065622284222,17.728083651177009,18.276274593553381,17.175421988111964,19.26634698524424,20.338092996686427,18.133426702288652,18.234905056385905,20.760346139774789,21.297687229948565,22.61568344280488,21.983155397179516,22.343356911553435,20.098832051847246,22.312236152573853,23.168284558843347,20.376578007314954
26.549806461681776,25.075920322469884,23.798099011298618,25.907882225161565,26.328401970250049,26.707447013368864,26.636245241570258,25.977639307838146,26.178634422781059,26.358354193592319,26.437646099796389,21.271866179899028,23.397099393742124,19.39067673141377,19.776074210074825,18.48696231710494,21.45491194519132,22.961974312488863,20.3259623116802,21.019829268193384,22.634607959494979,22.801989863358514,23.307694469383506,22.95833160836758,24.560373142701152,22.333700759867675,24.589141314656565,25.442649220102084,22.694806916160161
27.388123956129448,26.339142939192044,24.905604242887208,26.622761492854849,26.941284453396356,26.116804394564376,28.280149170747393,27.835167102912415,28.554850000425859,28.573074015271224,28.524629655773943,22.734235053610071,24.990251067843559,21.249153938307273,21.565665157938184,20.424469236004569,23.400307357449179,24.66527387707756,22.456070269456205,23.728065839548975,23.646814912638114,24.16959295824671,24.692469612170974,24.079481690087377,26.609065674660506,23.444564199469582,26.398266261367674,27.516150542792602,23.950547191332689
25.688614267190687,25.265678832548794,23.837237024631051,26.407816657555927,29.112964260129438,29.131365442488949,29.824159546579374,29.145546828733366,29.535195952616881,29.666657793930796,29.546367475795556,23.558584366131079,25.869665866681963,21.902505685580152,22.183004683607493,19.916649663679031,24.306415049231418,25.656747816327652,22.517553834511403,18.995203604495906,19.322851444722872,19.686322939495504,20.235358788615493,19.706423356681405,21.607357796892202,19.279163894183277,21.774106402633713,22.474461240080402,19.813841584515117
25.869444131982057,22.332216139400529,21.030344428836393,23.499701988612728,25.159072748959744,24.506514807538132,25.479503586044892,25.24532331881953,25.309588106311431,25.333414438449239,25.154579809330031,24.292399969416444,26.4150767686221,21.959533619701432,21.750745649492721,19.904878124013329,24.461328225667003,25.918230017180448,21.335045667055624,18.174196554759575,22.077003073741004,22.349844734626167,22.959297317204779,22.573329657928667,23.064986275371012,21.267027241634082,23.151341708349385,24.002376571465767,21.063020841803493
24.390362581426565,24.814300154795575,23.72453905234368,24.591509125126763,26.313921971290057,25.734339942857794,26.402851678222561,26.117451899268367,25.824990217472177,25.908017964603253,25.644226783091234,24.083889486298077,26.531149106995287,22.351533536523831,22.673576568029695,21.108444057737046,24.873540887022351,26.265759286777481,22.432714348203781,18.120825755974828,19.701448302765158,19.893425814419786,20.642106120395852,20.186765863632225,21.237596751902622,19.238935942990146,21.24830080206641,22.095352184145973,19.43490511544239
24.89689252900277,24.12644602474257,22.690499600752553,24.391108098852044,28.779508333835295,28.181842629360176,28.794465205291743,28.811833904334776,28.659826197900252,28.400318092861518,28.108199774348954,25.159791324301708,27.965245219545402,23.182787391302085,24.280670218557511,22.940027171326371,26.164167508159153,27.748294407202351,24.426673929604959,21.562760079440139,21.429175383196132,21.527159053085846,21.922028581306201,21.460125995306811,23.234627437038149,21.34678476557778,23.693738306883709,24.284094957977125,21.875946164100021
24.445757596008541,24.498202761963711,23.069535353982303,25.068501703831934,28.747174883585217,28.337029658292337,29.386322342798586,28.810017619903668,28.492345320521451,28.861092888327917,28.723951068236204,23.938091518791495,26.699941233315492,22.654802197016842,22.499425853822721,20.166625316450016,24.996328819098352,26.452794565155394,22.758580656669224,19.767686276761268,22.24491233696223,22.528192570589809,23.525690463759709,22.994813988413483,23.805846946098711,21.554375125769759,23.73587830097452,24.622642837203863,21.377976033134772
27.604692329835757,25.912545172905432,24.087494055370065,25.683681526845525,27.5263119003315,28.040375650771658,27.811771324612522,26.729287144448335,26.367964050942497,26.916145212026443,27.104744233953348,21.857403591750753,24.062354965605543,20.931471959297433,20.476333201833604,19.29867374344159,22.39507735360327,23.644250583261019,20.557286823234975,19.634952007455837,22.22828013324267,22.72964223914429,23.596728414215562,23.043417912461607,24.352600757285352,21.789234529425173,24.326338418003793,25.291062546202937,21.532339526818475
28.095956920355825,27.420233929225354,25.989482796417491,27.612068917689989,26.678657418496194,26.849232674145398,27.258100805716658,26.517054276137628,26.616681589841683,26.914894809285094,27.174568370316919,20.677122618285154,22.843666263476031,18.029241637562762,19.393292343896775,18.129445219708437,20.828624291026287,22.523113186165709,20.251826992443021,20.909295508928068,23.688615319821167,24.05233155490793,24.599268779968462,24.077441626333496,25.7728622525646,23.180838625142698,25.83512734264643,26.781608702950351,23.062065462339561
29.417474480264616,28.741456600691556,27.087237349298782,28.935044135448642,28.378224545111955,28.061171354784854,29.070919722762142,28.526604663743377,28.760255715143586,28.848830067539957,28.777064401705367,22.064044619294037,24.160030388250831,19.635089169880594,20.651016955916759,19.550134761932021,22.322436229090215,23.696046180536904,21.236037656764807,22.248667348912861,25.213288666235563,25.506667340370718,26.157277278452355,25.663910828763953,27.158770725842487,24.636165139531698,26.811241715105332,28.004294371811135,24.761709391394191
29.954958899251565,28.704058843974586,26.982169025698489,28.932149638273977,28.631094286531535,28.30202727859006,29.663585846023452,29.055655053688881,29.497669079715749,29.66384027936617,29.677511204160091,24.155790325175289,26.378375794212062,22.258175730231343,22.199685150454265,21.044924495871399,24.516102265271293,25.844825179013363,22.90283321587772,24.167054114285939,26.164804030850696,26.358529072471853,26.482604979167398,26.31238801027942,27.641308823084913,25.44015688148054,27.875071251372084,28.692478728333384,25.459477192672509
30.116299424856116,29.438754669192924,27.918983369249105,29.950702504579709,29.390913797160536,29.258083791019708,30.391802582488815,29.549984157187254,29.958397862440812,30.230199411434953,30.29357312558524,24.583787255456791,26.986955507903794,23.121802376290582,22.965587142863683,22.433182153363532,25.268600718104658,26.484170351166348,23.39955787632401,24.64255136851331,26.225131450577827,26.192086559793161,26.272300485998471,26.072798173470638,27.39814376086801,25.706340669256804,27.764585414424694,28.385306269352014,25.845589036577344
30.551132345005151,29.850150264121218,28.260534161325268,30.156415449819136,29.988998336505816,30.051625230000013,31.18122527873966,30.449533605046575,31.106316505583258,31.245610183536925,31.286694354229951,24.198259877425023,26.597899522703422,22.703809921649793,22.764338248137172,22.06227371307336,24.971023279129604,26.16778595838317,23.668317127192232,25.660418823373497,27.390445491352125,27.596797834037076,27.786911392837197,27.491177625224317,28.992161262680639,26.793632780965893,29.224807285057238,29.950594799705947,26.938074589217514
30.990731627347451,30.531664932626761,28.935445663620065,31.04899664124607,30.564039200602629,30.81000056557383,31.84279820454281,31.036730875725098,31.856196724577913,32.024409553457829,32.164455397043383,24.41048546092253,26.777257971903715,22.610068725753493,22.698409708293966,21.78327543682876,25.07020222225546,26.293083493456905,23.315769068867375,24.142886145611577,24.91457740823153,25.514955797668094,26.527454966581459,25.469965678809302,28.149182637678841,24.827992229340431,27.94575551376073,28.990465953154661,24.831086294326134
30.511853956411123,29.693605479683242,28.144090268666922,30.260070223091191,30.643843206359996,30.974528454278847,31.467353827590429,30.637486558921694,31.028799401559262,31.237889733526437,31.361053198037112,25.377502228938347,27.901455997834589,23.180186115071855,22.776367272213022,20.531852506246494,25.843083585733773,27.377503642126108,23.512310112316968,21.402510129133233,21.882197425884549,22.577619122613108,24.492847275534395,23.176455514886499,25.153422587740231,21.919910036103275,24.711507409406124,25.839537271232686,22.553935069411551
29.76270609945604,29.826003187549141,28.300022187232187,30.417639705421344,31.247069825668639,31.252418437037917,32.33173839947213,31.437770890871846,31.906040161522377,32.153842546763507,32.205748769247542,24.669770111921402,27.307206076749594,22.231685749086125,22.774699130622011,21.427505223019487,25.355497575299495,26.960181618127812,23.699521841836727,23.973382119027519,25.539655010890996,25.820364888395517,26.689153949924858,25.838201207119475,27.837331418541012,25.352883201828881,27.72539643976225,28.621843338539463,25.540710340977355
30.073534969470572,30.133152137508866,28.779369701030689,30.405611073013787,30.383819185442192,30.322032626487349,31.406797331214861,30.775621232432819,31.124742627556394,31.218459557051169,31.163430772191056,23.473895398982442,26.151553752074157,21.765609207656588,22.529140825171481,20.965378058564603,24.61447445126538,26.094203805158209,23.189885714127186,23.864263925488707,25.94669335888463,26.141183830686202,26.679934701160242,26.221367190123019,27.733877935189355,25.54371681013609,27.645703128469087,28.639281919591504,25.743831338056808
29.467255848106802,28.978522914396407,27.689217234249703,29.711817221810371,30.080090021324743,30.412252131195835,30.70957967597608,29.857957155895939,29.722307104140668,30.029953137835093,29.977829219943324,23.283513388234383,25.860233002235361,21.685148381003479,22.106563802917691,21.204051874398687,24.270434108523801,25.797009170033704,22.59626356634157,23.047020847582509,25.04561220102719,24.738909051518561,25.146138247455262,24.658226675665958,25.970928898114984,24.638041705406152,26.445478049085338,26.899100260996001,24.941667867838127
29.829818449236306,29.320632184539811,27.910931955550772,30.085265761827579,29.970443110851498,29.875422690569899,30.658395154065595,29.830025016416762,29.659198570862223,30.058452917278679,30.06629492824338,23.461700000732591,26.364124221508149,22.47098653528748,23.072492287564003,19.905555095399862,25.12953016909136,26.595465892571163,23.576126101687294,21.3331850528008,21.802224922619033,22.735060533370891,23.963315908249676,22.867734425189056,25.743128205794648,21.674058904501862,25.422403785863608,26.634631273729276,21.72099001593304
29.798928228347521,29.623968009451566,28.152630676325117,30.045505874061988,29.599468576020506,29.475997244592548,30.795627407788906,29.751788727767966,30.010557599287935,30.458805383220337,30.497379579834764,23.116190731719541,25.999574690116319,23.066521916036571,22.503126403103508,20.515467490094139,24.978952349362501,26.133852977885432,22.967822986099605,21.122747935476887,21.563694182190652,21.447119840892654,23.103841219883869,21.95609789312666,23.69933157053471,21.797296519963396,23.17640579218839,24.214792882445963,22.594808115597658
29.280179995406861,29.56394139759194,28.252600823355799,29.94390888569761,29.09239276603985,29.161899317195903,29.556215291863978,28.770341013371855,28.66944873558591,28.875809113000216,28.915324970324761,23.753302935319589,26.842512067379012,23.330203041021811,24.249099481829163,22.260781279767443,25.890312604674897,27.190985111404792,24.174187721907337,22.329137425624481,24.092002020730845,24.509381368659199,25.373836398668246,24.718837670856203,26.816315761366219,23.85108046690646,26.336465406690373,27.649775689816089,23.975447429421315
29.400682789635916,29.800072112690465,28.069796804466414,29.930768456860228,27.362430712985642,28.086605944113224,27.94963618169718,26.775075363333663,26.979945169207191,27.367545827992949,27.717979545880823,23.477232418082323,26.358297281701148,21.985993966369215,22.44818688442065,21.054976781395965,24.665254369539191,26.158786591683601,22.638369246431886,22.273975375283875,24.258494746369465,24.618736994125257,25.063043497766657,24.717230645992899,26.285898085559843,24.0854113037338,26.752380414540809,27.432830925358473,24.004809443119377
28.675856703956349,29.07524627206363,27.552411846463244,29.483685089617062,27.638651222615174,27.943356543443969,28.76149219889669,28.040336482592245,28.659703881226633,28.859788524455674,29.160454489994947,23.803180499397961,26.501997701843131,21.976569997288429,22.998690478992543,21.242503109175637,25.067132435847917,26.369124926283888,23.046664268387332,23.128249914945712,25.396028683590636,25.557065304954072,26.029016747681808,25.751417156798013,26.589822563652,24.931714428843037,27.098454765296196,27.603391924720356,24.898590871918138
26.515372786593623,28.187507045747793,26.545542859492734,28.632755599626904,29.242353471713997,29.433609353807761,30.191812339997313,29.293843740547942,29.608612881133944,30.00043934824901,30.184469767071135,24.475986608629768,27.147587743894164,22.854359954150596,23.016041241070056,21.740886632801789,25.739500029659865,26.907166652783452,22.839352032330936,23.020436055543563,25.297684400830235,25.373382840889903,25.913149968317526,25.58770523019718,26.374741392405632,24.987913662838992,26.912195313178415,27.388197741067209,25.343017877647476
26.826665484340161,27.592537805224275,25.834846304836532,27.3906651094712,27.969988034262443,28.352131961290553,29.039940761078185,28.063201498296934,28.607297938372007,28.903746208287671,29.200303249523039,24.523733323151816,26.998636405970728,23.642040555552079,23.425767161496992,21.890868442072787,25.826374116624642,26.884312029964512,23.63547804068844,23.333399802596482,25.686311611383346,26.005402991333341,26.359247520084246,26.156596216423267,27.089569907091473,25.129723549994971,27.587059516245212,28.163357268822139,25.167132859520166
26.603352396827233,26.617008203406002,24.957793059372854,26.332622473841376,24.828982054794253,25.000819506042973,25.909714767523084,25.165559884553907,25.769560194076988,25.910814381814028,26.065742309398651,24.624932126583943,27.110769626018431,23.185450092336922,23.055948937842018,21.566870101727105,25.693193136058206,26.794850184268988,22.970932136508871,21.993183711952611,22.608905389890985,22.751573269252276,23.524410234500031,23.117029973400008,24.45097598236152,22.361104604883366,24.507731403604211,25.419560010145638,23.309612502073342
28.335566665414639,27.200186156061761,25.875896588667992,27.709246933361669,26.635422687243967,26.631701251080436,27.014875428513612,26.245382241623219,25.920710921787602,26.258869328661106,26.10891629994056,21.48684729914617,23.554823541474299,20.864495125566883,20.915557576006051,19.449561119906349,22.555656469301532,23.346397679293894,20.248876290260647,19.46709083064723,21.265852920483759,21.680032994595457,22.176890453183738,21.706391091049156,23.516916116776947,20.917282094690385,23.476728790777223,24.564294978389349,21.325101759144374
29.438868937428126,28.138553271544644,26.994587332330575,28.921199318931095,28.34885748970445,27.808896213823822,29.062390150953341,28.539282906029591,28.423923828536473,28.629376980425619,28.420114761748309,19.649584117253788,21.656520034094058,18.359709898231579,19.202224153205727,17.619881850858512,20.292037033365595,21.520297883810606,19.700682936781604,19.33739443499843,21.701850045605248,22.302679913654075,22.991507927772922,22.365542417669367,24.471867694717403,21.516178765351789,24.160952186946574,25.455655568425186,21.481071901726885
29.757848936507457,27.847870165438579,26.56244582163847,29.244828824338484,27.908780001545253,27.837722773879563,28.490722119210915,27.962014827636203,28.101754157810802,28.136659339797738,28.022620836204261,21.196996074947911,23.168453819805549,20.209116600856767,20.374712684280183,18.803605336581462,21.903364040791075,22.985772051946434,21.151184263932883,20.855295445880103,22.83270072861022,22.880380752846378,23.421643297639569,22.972372749618231,24.615218262036997,22.728825259571785,24.949921182483884,25.557228324225264,22.795029313884335
26.152673579859403,25.811626228798993,24.058099305290398,25.973935011190683,26.03130437331761,26.476900817600182,26.619321048287794,25.938785351712113,26.134281839857522,26.189787876804331,26.22125181918237,21.250839961261384,23.210893957354692,20.479062865406959,20.230767276757298,19.122652749806178,21.856727077895933,22.908834293475358,20.628411993953932,20.199122469642845,22.452325203087511,22.579830656157576,23.308059480715258,22.877819130087353,23.805646496709997,21.80222248134654,23.855526272767072,24.767339338202703,21.550410681041562
25.84969694898566,25.672748155595272,24.16311736778556,26.179632706509018,27.70821842792818,27.783634385232745,28.305688766267934,27.531661847524319,27.727471483590577,28.037045046872159,28.234906079739304,19.763466643797166,22.033252240591914,19.009591785078435,20.037506903835883,19.172540856436974,20.820378045733271,21.998925701029663,20.172489580059896,19.924123688537769,22.589568779438672,23.144088094121244,24.10508080222732,23.56275426685778,24.564906289020968,21.988793246785718,24.538989612868846,25.495592495990316,21.799510145301824
25.520030105311427,25.191072224499408,23.648875138181296,25.492129043167765,25.757949383464613,25.50073632281682,25.841325603106874,25.467595165723147,25.085383622689506,25.195804166668836,24.917946552476174,21.852238287684486,23.845935879273348,21.287687023371497,21.121995268792908,20.049915754035865,22.958727011885706,23.761217622188518,20.852061776792482,19.913154808697783,22.484215104750689,22.605911035770944,22.785993862328297,22.577888621212111,23.523236137720154,21.907504582178326,24.092880363009186,24.592887656845178,22.081908189138531
28.165967634552807,26.800867738989794,25.498828979127801,27.645759376227844,24.872252032224601,25.503861338310898,25.470757569414509,24.544618198915309,24.735148271949278,25.050092813627671,25.194465354921469,21.011106039544032,23.305958317390242,21.218164901691402,20.942390567667751,20.0438278467212,22.555792634702335,23.23162933016129,20.445430270116766,19.432882216251876,21.455907603494246,21.483969595728439,21.952045018098566,21.588494044773995,22.606803504010401,21.159304290921348,22.894388104818091,23.548190373967657,21.293427005616088
27.973524393687697,27.080973381184968,25.226993825865179,27.77124495183282,25.509589778701859,24.754614511881869,25.959991641478688,25.592820918126776,25.423782446493682,25.610177688584486,25.49069677145323,19.853018616444025,22.203433713893119,18.153382120349782,19.369736390868759,17.789385382744079,20.645534521414149,22.081595216745491,19.790634131811125,19.626112425355757,22.549877360982705,22.281172749819717,22.271546153373649,22.092801650256469,22.956024862808952,22.142881960097711,24.124497713053664,24.148448304059855,21.796317713293519
27.525059190395737,25.795420212706716,24.187965332326151,26.211786486545336,27.39735132237282,28.034990505558142,28.405272655251935,27.58627037546843,28.094156653259873,28.310453652984485,28.395349611350916,21.360974196332407,23.507339189321868,20.430015045687476,21.2292669999038,20.324753219707056,22.310967670010783,23.298851036759473,21.442016186614104,21.317784625967271,23.674449152671478,24.168818300847377,24.994593670429836,24.479866729825481,25.537805334409633,23.287207558936309,25.862239865590475,26.541014781313763,23.438327343044811
25.541104223612187,26.308016912600976,24.643841255164361,26.60438020339852,27.525819168496398,27.963213183455288,28.305047882698695,27.410377905955343,27.792414593247067,28.015486103140049,28.158983164175915,22.595226962934035,24.383464801377656,22.316011204248682,21.552507543589627,20.337102870171933,23.513249896454589,24.1965353379262,22.041725407713628,22.647354317366819,25.31264779147611,25.321137021844869,25.521341904788763,25.445527257809289,26.250113704131238,24.842176235084018,26.773346945149271,27.320587493256554,24.823908604370324
24.635556410767116,26.194931035942901,25.050755299252209,26.621417432297584,28.015099704136993,27.976202442758336,28.964347218402914,27.916814177804284,27.872335133480156,28.395654842123044,28.308031657457015,21.09529829125082,22.836237154166064,18.995693263017131,19.083707592909143,18.122316047095403,21.12852141495344,22.297052248441148,19.75188959433023,20.943960992099854,24.61888062395672,24.87008973460356,25.409081620724578,24.982262830142695,26.491397456630828,24.074452053790772,26.557112219393694,27.430643003854158,23.340089979152026
25.347208778399008,25.780443787261284,24.550695005094894,26.493101360166676,28.00077602062288,28.870335898909801,28.895971044168419,27.901945296163888,28.303885008863411,28.556294587544507,28.663077118355382,19.719081962827545,21.729598745599006,18.759807143833726,19.278558287876571,18.453994870509277,20.526890667584958,21.543536351417629,19.759407296664342,20.770588061919327,24.739006725235001,24.830075253941992,25.303836659633561,25.066622234262979,25.750842829811361,23.888491526500289,25.839486249286061,26.655156967237524,23.717271036611351
26.294808992615209,26.499848009697558,25.201597047383373,27.312644260371641,28.425429365522355,28.832083054746107,28.707416315387711,27.867984339410008,27.880191216985885,28.138098280783701,28.240191545403441,22.051762222822404,24.096034800390768,20.590164373471019,21.145697855658341,20.625015365448036,22.729409858159244,23.808369471989408,21.869420109286452,22.84307723859839,25.369301834908008,25.320625381564966,25.189362680666441,25.251338860886413,26.364998645424684,24.94876551159836,27.199171563325812,27.534001823840129,24.812147035517583
27.8324617061864,28.543771860800071,27.262359612658692,29.513571371495033,29.118793496114044,29.039339510027666,29.767410821352698,28.867852074385567,28.851342149292336,29.229745726582706,29.22824604023738,22.963475609951267,24.724550252107122,20.902035544524743,21.374173823311708,21.21662316532661,22.996810868249526,24.227201347714697,22.094460121791926,22.964800411956531,24.477521196011189,23.87947819286488,23.879469085979679,24.017046316136351,24.596323530072546,24.368756182719274,25.343926926799803,25.618003229527645,25.366222540548392
29.019174684746794,27.988371324728881,26.408802304315977,28.29312522158736,27.259794214968743,28.192906811074288,27.254001387591636,26.605644108163375,26.608052667346378,26.62137818093656,26.757721962933267,21.891514139785208,23.955841324930105,20.021896048452334,20.909708749570719,20.181193263347602,22.474837491781919,23.708002916478144,21.157693853134091,20.278770504004513,23.65127337308607,23.85699397941692,24.349868277909231,24.073731356855028,25.268090105913046,23.014088982101867,25.545740700293685,26.342061202030351,22.877499916699051
29.090568509067189,27.937101295632139,26.420351023520837,28.214765122386993,28.109565098884566,28.579477854655423,29.139000818159303,27.902439745116219,28.643305153150074,29.060659004985112,29.471905194310409,21.056556861098663,23.205414711134715,19.104573207024949,19.865312252138494,18.123919748536366,21.662787994047946,23.008818583044729,20.694565508980943,20.859348981147839,24.262050896368699,24.593884542338181,25.257672459172099,24.899392193610637,25.726934355005675,23.730286600048679,26.236871790731065,26.735448335214762,22.993200334173878
29.474158622224891,27.780876860896775,26.29467294147171,28.113576674901182,26.998906422454368,26.78917173840329,28.177105402954517,27.37652629743409,28.200485786877721,28.345046823559748,28.583962332276521,22.087670484527941,24.151446983604764,20.487546682659321,20.3936528646867,19.935934715865564,22.741286447727283,23.798453658991399,20.744679482540562,22.208197628306721,25.089271375633395,25.290273193674352,25.827805934657611,25.650698866598724,26.358124017373243,24.609560394982815,26.829524020038235,27.403128886008865,24.433780841523763
29.486286703442694,28.410579721598296,27.066660539981051,29.6301447544392,26.272519479768256,26.330912181143866,26.933492569994343,26.076819750531534,26.263811600502208,26.521175344002373,26.788020545068278,20.770694315245713,22.923729097273203,20.100513598298612,20.53246429588971,20.038283780471417,21.942348327684876,22.873811663367889,20.995110830611175,22.243188462857269,24.929360428907906,25.179689268366133,25.728618196554251,25.576068040304598,26.130031732984484,24.488297815219532,26.565511051633038,27.25194718868304,24.985905189847848
26.632542415663643,25.999254438452297,24.283531808061802,26.715040240227367,26.849989117762973,28.319061361053095,28.010507820211558,26.785350576924486,27.82062041971799,28.07083690523752,28.638589816361495,21.41502533829577,23.481920323707655,20.509809692613956,20.639850457147148,20.352816125563095,22.182529696894434,23.129500581223567,20.810308590103254,21.980777033680511,24.994924897221509,25.469169847233125,25.900335413790877,25.774404138298991,27.153239240897022,24.35819247242533,27.036239029219153,28.163567262251618,24.93126680572535
27.691025474310969,26.148890333110494,24.845297470969086,26.832580227768396,26.10689772731277,26.771419155758501,27.429772819702109,26.797946739529557,27.522939112354187,27.641341565858248,27.805640919874989,22.075426138868842,24.264874283130432,21.381489903059631,21.919517766066718,20.934087209558776,23.22805095724631,24.119211658474249,22.199049701490111,22.266497281814843,21.648737733511744,22.027094001432012,23.124399887631441,22.315906499611636,23.736450141411218,22.094856854841325,24.378576624866433,24.768775974809131,22.611869828352127
27.803544684719775,27.438141418977757,26.004178941736647,28.044513495346891,25.950384479598696,25.62050663604078,27.148729088595729,26.723139629292312,27.324716242032565,27.352154630193617,27.320272433553669,21.190785894884229,23.231779952708919,19.301600049471745,19.766905241668809,19.012275013865398,22.084300618314884,23.034325137877218,20.889480271049514,22.084058058343267,22.401438919749104,22.474722777181334,22.915340358133797,22.322371954899864,24.144706573788724,22.756013884426082,24.803085061442665,25.279388997253825,23.292986550293534
28.59128895055894,26.135046748691657,24.885070867671921,27.944626835645842,26.640339823122943,27.098616987381057,27.623795682351563,26.821634533449817,27.231566248150472,27.429878183418637,27.571000353854338,22.044798004115037,24.171700052769907,20.67164711014216,20.619470112405722,20.179807340672021,22.912743591617549,23.965883668127866,21.101419450780512,22.301848201070989,24.293338015627718,24.5584937722044,25.023397545822448,24.805139964052266,25.726396767471329,23.917818405868942,26.238919867724057,26.824939999916758,24.315830702458697
29.185036062820082,28.69656281035909,27.219731729061991,29.668478874459296,26.778950387876364,27.964702240621129,27.912848976742175,26.82102899920082,27.78388966934471,27.969649481714043,28.3928646841835,22.643563165857763,24.706092662782225,21.09724659931063,21.904388391329213,20.85314528567595,23.631978287950368,24.714324231955558,22.510552583152482,22.985045130422137,25.462251132769232,25.612279008449477,26.155038325495383,25.910109780877434,26.777752414701474,25.322535878273975,27.371062282261867,27.808774566439673,25.497549941044319
29.841337055522537,29.112205630153397,27.610764749501264,29.564115614922457,26.621265901785378,26.763252270987707,27.372693034067836,26.708371387933404,27.365308233334872,27.335717213214394,27.544659783953499,23.798376952321519,25.846580027630353,22.469632275679764,22.965219778049622,22.029314393491795,24.846073909313283,25.766497889295202,23.323854445963534,23.945519230410611,26.662101900508688,26.739903789680938,27.002377900092462,26.884563032284134,27.627801729149105,26.17688431418712,28.283449549273719,28.722095683296978,25.910873686617258
27.943333256120596,27.618560893427073,26.146126523404227,27.623091863333478,27.924621183825764,28.979084845736864,28.627753613290608,27.593072293565776,28.13362232922222,28.332140928551134,28.6682672599391,21.430777034220625,24.083088270368378,21.666277213861051,22.459141199035201,22.001077090744793,23.687145960693428,24.491602966789962,22.562397202394493,23.656710113733403,25.857113713832867,26.081544845485887,26.096477022001942,26.099349347991208,27.153547775061078,25.402415877344851,28.006137115400236,28.431239887561375,25.749544734524889
28.099333858498817,27.302269206295556,25.705121279971067,27.282893352376171,25.395428653459341,25.848870144010284,25.583713230771735,25.102918328617179,25.512155327974639,25.435811851448875,25.69212353433484,22.444539197585136,25.066459284884807,21.260026954593158,21.916346811494101,21.280001646563406,24.017421017410484,25.168819475983042,22.158403550262996,23.488966758469495,26.23249375745435,26.449814332746712,26.600750002668796,26.452886777095181,27.912194817133248,25.616175870717001,28.10968515426525,28.950469621017454,25.584094710707994
28.437442131653576,27.598910485955393,26.297856037763815,28.162986107386729,26.196969904047052,26.91617342826995,26.856027526093257,26.045296566774383,26.573347155877606,26.692689498352131,27.039004558149095,23.639565451684284,26.130782480762193,22.636651450221827,22.518322941029119,21.672686833798657,25.127658864513521,26.144725352737886,22.923211216072588,24.14093099673827,25.578266347506421,25.503796598882403,26.01019260035433,25.593136627979931,26.810087883619659,25.413056808252314,27.249001998641745,27.80710634934983,25.961343083356944
29.477396809558265,28.899337030137801,27.567095079439518,29.608205283725624,26.965919871027445,27.459416792072801,27.479870428851775,26.981131318283843,27.352862144775919,27.282196419365512,27.493716159477216,23.547770869826373,26.245244537270771,23.02775681183644,22.801420438871112,22.094403071787205,25.497684998624358,26.328633443488648,22.971219944036946,23.643045177775861,25.922660567848688,25.891771047460693,26.053793081962105,25.889067908969572,26.949145988632075,25.429415967738159,27.646589370904344,28.086332786166601,25.453947753949478
27.151454456771667,27.275460936406375,25.918344850088268,27.301843240729298,28.176962024905059,28.333976730730143,29.14521607305754,28.296888430813809,28.822218965846538,28.929393468579477,29.098069143780421,23.733260863575076,26.298339314149239,22.818218421782717,22.712179584860799,21.382367106374382,25.298921247909526,26.445632559394873,22.984321655350271,22.492301219428171,25.018270037793798,25.726503534550879,26.413566955729664,25.891418964322426,27.508596449740509,24.218212416982134,27.275010382027297,28.509328195473344,24.058129755655578
27.321365933607609,26.194101660844332,24.606409645561357,26.40756490075406,27.136984638560278,26.884697012488893,28.251804412713987,27.236371193070198,27.546805527654698,27.898288969542804,28.06931493526718,20.78130135181533,23.308178631565298,19.620962861194116,19.960974419419522,19.584088575298672,21.958863619925644,23.142678051156444,20.122016607174864,19.827077496147254,22.518258245454177,22.791078950127577,23.434979303919874,23.001619169177296,24.305969694263347,22.00123665650078,24.347207711845783,25.280816093504932,21.666098045905493
28.189749512398819,25.326415145118112,23.72783149690207,25.699720028374294,25.235601157948686,25.212539118572607,25.844218833540097,25.184273430019509,25.096763371144668,25.36073634277907,25.527237863825214,21.222661692866147,23.456776535336182,19.886269866792318,19.954736638250985,19.538718429676649,21.889345419346164,23.191697595617427,20.256117496393003,20.817669063227896,22.64738488406573,22.530253310316937,23.408695782909575,23.052928459021601,23.45042101886272,22.405091644509234,23.944486503997595,24.432989513297052,22.660246037254325
28.246937161544061,27.637428003681194,25.765756624170436,28.245172402227617,26.105665367736158,27.025645987720686,27.146524543816774,25.879604945240729,26.064610313494676,26.59876470563033,26.87354594974375,19.901466661845618,22.189978184261747,19.721853506219311,19.837090220652655,19.53833443876411,21.268044476683066,22.116318166509018,19.849236356771698,20.573335461628879,22.440239974256393,22.334701084060136,22.629612020481289,22.37006315194472,23.758740861691948,22.210704846950534,24.010982516200649,24.745255998226327,22.547162709908825
26.406090541398704,26.519835720028162,24.887691000925813,26.208297570901181,27.886368753985508,28.058529279703421,28.392645291076889,27.379003173217342,27.395062357887333,27.851686935602075,27.951042045985538,21.948582186034862,24.31138020317389,20.758082101709284,20.887683343394045,19.897012741699427,23.014135516479918,24.069644697462259,21.167859325831039,21.271462215648206,23.240500353039849,23.534343189187489,24.128105074329255,23.650943521343926,25.10177315226985,22.8474544706785,25.388539165354302,26.185277457409683,22.970490830462609
27.27788924380522,25.984702594373253,24.216145141631984,26.358799656722574,26.615068960503173,26.693008867408302,27.460435194680784,26.878121122546574,27.50115964682611,27.511642260309998,27.683139732438981,22.596532605393307,24.91868813782127,21.224659788872501,21.66125831363091,20.498086119963624,23.601998906323558,24.659509593842998,21.952822954592527,22.055785768363876,24.039724786650751,24.035023482478529,24.704736350529522,24.272013522021183,25.214507321550585,23.755567215793121,25.682375087299086,26.265668149423746,24.093103467056487
29.15619075336118,26.909426482178098,25.411331507056623,27.941088358974035,25.34987948215646,25.656560041758915,25.984738464483449,25.18830071828981,25.54365153806485,25.696475823895952,25.85716878182896,22.314806743850255,24.728910040944839,20.861223245230889,21.07506066302593,19.3351657229206,23.243661784955627,24.480605499510865,21.566545290567433,21.813328885656254,23.432344873973598,23.661195048997811,24.210329581099941,23.865923915663203,24.873377428812312,23.097196296412093,25.486146682519703,26.105834571801445,23.484844243546043
29.269443658894794,26.331676138871927,24.657648735487399,27.391915681344251,27.072711127784885,27.932401537306554,27.872647055915309,26.986726392136745,27.366888742741928,27.678913461377199,27.918019602652102,22.385848851905493,24.842150051375221,21.312783624933012,21.177064868055943,19.293715226191985,23.52472575400909,24.527102826082618,21.000159757452309,20.608414165009243,22.443598665984034,23.121318296271575,23.983768708831683,23.519505293446564,24.935604205196015,21.816944867786582,24.923968488424173,25.987735785356847,21.457597409660835
27.036056346511614,25.117906829888277,23.084927870487256,26.044640034525287,25.947578009232195,26.160969657317324,26.688619296152467,25.923219016741328,26.301731580961793,26.605094375206733,26.877163228576777,22.637147180039804,25.010901069794137,21.173687510241045,21.522591677486353,20.227170758329926,23.575998556221982,24.67434406826613,21.715462076204986,20.440951400550496,23.405420846414081,23.728014671634533,24.008778359513073,23.6940539387775,25.56443774262884,23.274118636757798,25.820964677514269,26.707244776951853,23.169784510592898
26.579709824601728,24.676723584720861,22.816523264829513,25.027783371128997,24.795503523116032,25.290486569167513,25.439986953937968,24.689967540343901,25.161483225656909,25.310831106920446,25.642421964186099,21.711027023933532,23.874927778937511,20.055828731133339,21.001914302416786,19.636487832073634,22.561561225314612,23.575710875334877,20.890358666301523,20.398801550464881,22.635798990873973,23.881987847635806,24.567854613075681,24.115380066422532,25.973884195945359,22.238380953009482,26.084841438064622,27.146648737112805,22.070274455555449
27.102542948784347,26.410893741482802,24.717812085328887,27.025797286893066,25.471681908610151,26.113083312244164,25.94607695995299,25.029170681930246,25.177929756155613,25.476625443536946,25.656728923546666,21.415347850748205,23.513844010300758,20.784982978023677,20.697418558318503,19.817734405367048,22.563174249255759,23.249480035083018,20.329660664068278,20.275093629918715,23.083627760022814,23.272222058933892,23.357805692585693,23.286942621255747,24.462696133790956,22.788145380366714,24.880686563440157,25.70982050805523,22.937970964611246
28.513175100947834,25.899917281486765,24.483848734492994,26.624284179828877,25.395029489540448,25.471156818153659,25.959931428931277,25.128747922348211,25.298839849240615,25.570856372460689,25.751068148954076,21.649733265505759,23.998200410425497,20.3776203655666,21.045514635969838,18.647912843186894,22.781452533833125,23.866232146821964,21.012688524541687,19.175711099479493,20.313903336549771,20.769805257498241,21.837285184196887,21.039711371978385,23.336821630856448,20.467267542423983,23.087482124112945,24.195502385394711,20.564061538113535
28.627740332972927,24.29984536045405,23.035149801351864,25.545411234306329,25.180030456623008,25.423041632480029,25.975316495588196,25.051112895372562,25.212169569547981,25.623233448511968,25.718861769458471,19.533365462232133,21.143836037498232,17.923865494857338,18.001840644231294,15.850341714878766,19.928811316999131,20.766254503426211,17.754132800431812,16.99113547495822,17.218921714259608,17.628650060900071,17.950809833573615,17.366926329735747,19.757816051734117,17.392619514370132,20.254745449543393,20.873600427895944,18.069078746800869
28.40704057992653,23.574218910855116,22.348093378472875,25.80122787156553,23.014894688052728,22.99921111875075,23.719244374019901,23.240148636695118,23.645839616078128,23.719358828094713,23.81114888374244,20.29294816254427,22.443567923392365,18.796694396620161,18.918650270768438,17.725911708776863,21.208111321349534,22.210297983283816,19.352220813359949,18.513951464385215,19.328174825975537,19.539222462204748,20.410441895031035,19.707678475535729,22.129933394887551,19.483127142113077,22.005623891525055,23.093659186248303,20.22058894142279
28.513094942058977,25.317243120015718,23.815461743057227,26.789855183553122,24.803231387347566,24.923157367834953,25.846132825526048,25.115454848272456,25.665494270639016,25.935396126666511,26.205190591593357,20.864124792235977,22.824459783145279,19.307161268061776,18.853983772413315,17.793975516742833,21.535247020564249,22.531995785519058,19.416135812000725,19.377368020418352,20.64560948915004,20.844377202777494,21.805353613293263,21.157051992971148,22.711623295378999,20.583072796797943,22.446087521637423,23.65807835665607,21.908094406570896
28.906928620116325,26.623824884005799,25.236683720093794,27.912779813826674,26.957014667450451,27.147138089122556,27.911111566730249,27.080069977501118,27.626926319327445,27.928599877503792,28.155230977499372,22.502930394429669,24.698376688270351,20.630274163203403,20.317532152019425,18.948922015893565,23.387170395051882,24.330823128210049,20.825669947171356,20.775294608700996,22.211011867147796,22.347454300119523,23.494784907893326,22.938693170320747,24.002337571686176,22.038070693792683,23.920975427999466,24.987522774167644,23.035993793283225
29.455570360786773,26.630702762791444,25.362776119179685,28.198289058147651,27.438489698278332,27.549689983381249,28.262935797795421,27.571276489781532,28.122266637680625,28.27877014122555,28.442039357707991,21.861294111784872,23.798884028335955,20.904212038458105,20.735650909096641,20.072890437297232,22.715015012895186,23.531722761628536,21.342747208017016,22.027392231627459,22.32911673018986,22.799410500837837,23.480066659327996,22.975896871412282,24.675336515736348,22.298793555282032,25.329744486990748,25.918658488410259,22.718587045918504
29.554906091256242,26.90202599847845,25.781761541441739,28.608106107527384,27.595312100181218,27.628717119702038,28.26235181188629,27.757303700331413,28.184684277537507,28.179951910527045,28.146630312577265,23.64359045240505,25.736402850047554,22.694016727034317,21.428230589571179,19.073397296487506,24.651450551980467,25.382913982685551,21.365444252597463,19.17510669425964,21.281966920471113,22.321517088713442,23.392162288120318,22.508523671329584,24.430780550835806,21.272832473202236,24.943897575351073,25.758540625354676,21.563223608062486
26.957486905094271,27.402494245220467,25.721604020432167,28.687301598673393,26.810116606345872,27.152355070134682,27.590008670690985,26.876223995452335,27.447499042718327,27.649072661923192,27.935950100464268,22.925856076742178,25.198794907698755,20.530104453707885,19.95558339844483,16.625606511231375,23.707860323949994,24.791370746047782,20.447950530158607,18.462065093894587,20.539039929350267,21.273492188232943,22.314799616230005,21.493752160994696,22.926942974304204,20.232966247351236,23.59274889699627,24.141841569841603,19.852795270814731
24.171911964998863,24.500376766721331,22.678206178111168,24.616234507058984,26.84750564386821,27.590536077891919,27.791832217778733,26.897624916531626,27.536069735734912,27.86526821618633,28.214414416018961,21.718788649601422,23.976551482962478,18.540930608275644,19.350066517521952,16.886977913397352,22.385331329873672,23.690125789858811,20.358333037841426,20.466644361356124,20.974212363896797,21.449606586813651,22.731413061319692,21.897616759005992,22.915141802984273,20.930600638318502,23.385395404062699,24.099023455738148,21.709947887359412
24.681949480729003,23.65090682842461,22.299460805102505,24.441232804280759,27.26003149008617,27.5568888542415,28.251708242774193,27.602597669024853,28.134929274403845,28.394183075262831,28.644712741142513,22.467953773667119,24.697477832020404,20.527989889507225,20.94160549309278,19.049740960367124,23.339818854125539,24.605743213236217,21.61837454711786,21.800784726650676,21.905012133650786,22.206382774735999,23.033010220116488,22.339423956844101,23.903236288555028,22.076098436497659,24.374211240223502,25.139242457801743,22.975549702402425
27.857134664813742,25.591073382759497,24.169130619424081,26.342405102076739,27.481514137406201,27.089920154687242,28.397644832884225,27.853369528095961,28.173094534508643,28.310899331402979,28.334471583170114,23.632583644787374,26.026306503122186,22.34299623475853,22.575513648754438,21.177514683207754,25.033305150001425,26.072712399025008,22.781548801151466,22.088348266245873,23.85268772655477,23.735587246745453,23.049307087311981,23.266311049343578,24.68770171954489,23.433460601300808,25.878961340152586,26.145073332714304,23.614455295939422
28.163147869929411,27.195631490772577,25.749575758722791,27.877370417062679,27.780781727162008,27.660795322413591,28.782168098281751,28.09480869438493,28.360676836059511,28.591369591881389,28.63517413048644,24.132179975949178,26.441071754035924,22.471338808805534,22.400237454630727,21.193063989098576,25.202528290709687,26.37814379916508,23.123358307787448,23.322135898598901,23.585635830726197,23.603365982610548,23.732059913766683,23.391668049482405,25.220450351386489,23.382394776189827,26.007784591600135,26.480661552672395,24.032687676019265
28.082141661426249,27.709956314810277,26.426051970613166,28.696043119609179,28.300440328961045,28.123109313283628,29.45101392713395,28.770355504779687,29.144440381664197,29.319427788119143,29.408890461642841,22.700172591166975,25.233933781241149,21.92778482594106,21.779826963881227,20.451885956061162,24.10648635788413,25.162302031302467,22.195423937926641,20.933939824957079,21.233186645132463,21.772258200007073,22.778425054466304,21.810854590181584,24.495430136736282,21.085539756836404,24.15559584825975,25.389501352128441,21.689385531620538
28.920596295406007,27.977868292674763,26.874642786045776,28.951339476977701,28.698499197339316,27.950639772085744,29.625099513239505,28.864909164891095,29.013898963908005,29.385389869091469,29.457232770007558,22.415009201118295,24.354876581118447,20.194402326370387,20.448274093780341,19.446150181534598,22.54375961428849,23.76401041181493,20.871779579268456,21.945735034726461,23.857654806818438,24.264134139193828,24.298034035947794,24.018325853859281,26.08894733821225,23.690112145083177,26.619334879157385,27.347679371968901,23.719792429896401
27.062359664358233,26.782136365376068,25.744958410774018,27.46985886262221,26.915963022116017,27.643207898810033,27.045276124170464,26.515143988132785,26.392603950925,26.466119240281408,26.456943644529808,22.536379898488462,24.526851352992743,20.712803446928255,21.339777822665589,20.685535174881757,22.993396993394526,24.198802772756402,21.67908269280602,22.409392050483085,24.178384124202459,24.661763397349475,24.545163338313195,24.46716056428275,25.741908038756279,23.694554816424137,26.615458434581392,27.124277741047329,23.880781620835677
27.546356896905209,27.364110997175857,25.598351553095881,27.722713564498342,27.012377947020035,26.385811558213796,28.249389802005723,27.552051664945942,28.126777495677601,28.442145673116208,28.616994798069513,22.057270491579779,24.120309265159321,20.52521807618912,20.903569277143902,18.629782436191135,22.811621526297579,23.876483871701105,21.321364184423977,20.375098299812933,20.316527767570413,21.802961895999026,23.283535972417944,21.934675240852386,25.101123305462387,20.515550599527472,24.873745841879924,26.155404421553193,20.899048138129665
24.979296105818023,25.989086846672151,24.464252759927838,25.46808128717511,26.27309119185449,26.462568820032082,26.994013629443984,25.813139185209621,25.88377523309039,26.562242742768461,26.823264095422218,20.590914182572433,22.375858201338758,18.785070090937431,18.956219865097019,17.986405730406815,21.000252909037052,21.980158135201115,19.370470528024626,19.867154085717722,20.834733577681995,20.732041605757551,20.879303614385883,20.609150935488962,22.518900616382375,20.91861228803058,23.190120806347458,23.698886420079042,21.712461636234799
24.561929386158766,23.840355172823621,22.201532195858306,24.16105935209324,25.161457866601516,25.104555936406811,25.768795376333543,25.207652747363646,25.531001317129288,25.642943284341285,25.747374900984411,21.569267165444195,23.57094771529853,20.364568700468602,19.705962077846536,18.804225504720726,22.291273044114462,23.165432071114459,20.066075621127602,21.207429707464883,22.31020561451539,22.218708738773969,22.397366007200908,22.17747073791358,23.949413165650618,22.288029994640482,24.322444616261933,25.025477283483426,23.090497968880889
26.144922351386555,24.172559794968031,22.98753094337706,24.780325345695893,24.810368048976606,24.386350371688685,25.646807825763148,25.081491266305314,25.326951829748026,25.49323195335387,25.41441046259952,21.415926343450735,23.307417895723198,20.214825872189884,20.270796626326984,19.442217916177057,22.167336558145799,23.102263339664184,20.34562433240923,20.72265667138651,22.779401317579087,22.62870378317298,22.754318620180698,22.616017204525193,23.693130499111263,22.493980556237858,24.754911320443966,24.923819498074245,22.567927267515117
26.371844570451124,26.121789617459783,24.760794828717081,26.150390576460886,23.874235333548988,23.950644497382775,24.939002029359813,24.118738572276733,24.545161113905522,24.846827599766563,24.945678659628037,19.498458743228255,21.612192549669601,20.004206433751129,19.706297736256957,19.224929931143137,21.005993898318621,21.521219413318867,19.083623729650803,18.920073364924136,20.897193467784184,20.821403594043709,20.967888105506546,20.703277946462109,22.001233439858055,20.388095101937118,22.670975020157833,23.180999035168632,20.471538506492031
27.975333640001573,27.055105439327825,25.666532248347274,27.282756168768984,25.334747557623388,25.921985090764771,25.786056439121495,25.193281152088218,25.396222353789163,25.518091324682644,25.709553180512721,19.78901823188319,21.803861356027816,18.423752343223676,18.792315281639887,17.898803578513835,20.408150222078362,21.430197733390912,18.908236728272719,19.351042156326805,21.225388736906922,21.488087483363053,22.210761827008902,21.755765767109231,23.157356853336992,20.916099087312681,23.604912532721663,24.364189711196772,21.643403645778761
28.680424274901156,26.823193480457597,25.276064378998846,27.359727987918106,25.825389536325851,26.211419774792567,26.589826645114272,26.103353298928873,26.659394754629616,26.722990649432226,26.90525544703965,20.741773309948435,22.928011248788195,18.331645750205482,19.921038546777758,19.037190367774862,21.308897724990366,22.637556553190976,20.263607525428306,20.746904282940214,22.968748605887647,23.057711080146383,23.952136298641136,23.482347587995292,24.069541392474861,22.435602416856888,24.799824611542675,25.161253497082505,22.809925521696485
28.897804937212868,28.083889825415568,26.357323728722577,28.175902522822632,26.746561375095929,26.804726672271862,27.828393536704247,27.061082456966425,27.479659110182823,27.821879644455173,27.937337701368122,22.074880208233736,24.070769395010821,20.182259766692034,20.710629767930563,20.469797166029359,22.574569043198245,23.592285461021426,21.026872429681376,22.548647218449879,24.634731202797674,24.596300207915753,25.292478663343985,24.869602427993833,25.600302622598825,24.201077614417464,26.292969633362382,26.737157967318339,24.470901469366872
28.291281967556998,28.17685243016809,26.425983221535127,28.85505058852938,27.020092435298437,27.105103115867088,28.085396102133977,27.288504558122575,27.763861474959022,28.096600349661692,28.290792711346519,22.746968359028855,24.493341173634526,20.245246909095592,20.446202155643938,20.100382946477374,22.857232093131408,23.869561066688711,21.107789460401648,23.140080476569317,24.916112940071301,24.982976098128198,25.727283911978937,25.294798491426441,26.021624675210077,24.565085812719182,26.955827719978132,27.311434697185312,25.3917289732859
29.265538484349584,27.939820179021353,26.878104051844893,29.555846537991485,27.064658507286509,27.379149637977235,27.886750512555047,27.209931172075095,27.576705642436508,27.843529754926308,27.956695156841711,23.010304694449005,24.928777422321062,20.393183327342442,21.112654523012019,19.885693567727813,23.29639664149235,24.540365019620751,21.685371064739059,22.80951564980564,24.720121283385986,24.972421084560374,25.784849258922065,25.544194812863864,25.845375803929187,23.875813607120485,26.347093631747022,27.043727445218934,24.974987538061356
25.465869608907113,28.422694892334817,26.39856759181216,28.295129427227771,27.890852008807627,28.909095094164691,28.637734018380321,27.779721609061411,28.101192200045134,28.427400161286471,28.654226876166248,23.203661453799562,25.372979332966779,21.115038337349674,21.62842780407118,20.770150951378312,23.799377896474304,25.007965182680607,22.334064017799705,23.236211303554924,25.245195646527549,25.10856831987153,26.176145048917213,25.555214148480829,26.254369892007603,24.599217764606031,26.861151401007675,27.376593203510453,25.270856185612317
23.442315533505209,23.091778909717007,21.72006290040332,23.899625494977251,28.361315764807976,28.059416311549398,28.934190563333303,28.104552137469092,28.116778804151018,28.55194056434091,28.49988717004635,23.425488458205066,25.676869598107388,20.712613215719045,21.116803480005323,20.087322611075656,24.053315725414869,25.155508267400712,21.841640271178861,23.453890923942751,25.307885798837063,25.560476877513459,25.660029487005374,25.28324072436547,27.038513026939064,25.252756013935354,27.996129599329777,28.492800492417423,25.658370573257301
24.160258132620967,22.999491474793288,21.782748573895425,23.964040590426166,23.300669262089166,23.216375503279608,23.690877569890269,23.127610031968487,23.145681910160256,23.366052891110563,23.292168250123453,20.270530366849037,22.471694913450882,19.725886744767749,19.694774809765789,18.26756756850822,21.504288701773405,22.313943252434491,19.451549894880017,18.829435383211219,17.282967345040525,17.412118975602034,17.096587060047902,17.04156651649005,19.143740162230834,17.631601294541113,20.049876513444296,20.315369320117668,18.626489841988587
24.914784965611517,20.61499854348245,19.762752823408874,23.740931780124356,19.705051798817564,20.047929768071668,20.11587139754441,19.648286370044133,19.945634360396291,19.930328755589379,19.850675509417165,18.533045136121366,20.367661937514598,17.153324548404115,17.069092456684956,16.435816304102325,19.084083562397716,19.9803217466742,16.542759750616831,16.001940655431177,14.524485457420546,14.189407328006546,13.720497126323011,13.588454007999019,15.3797061126267,15.049904629503246,16.807767634226614,16.581431227392621,16.685236440940365
26.174000519603396,22.666128414496015,21.618555640344333,24.185880720351001,20.743308626205575,21.170514245223572,21.09476457704119,20.576348632605949,21.013028219850575,21.020833007932708,21.111583028466669,19.019150019898966,21.587626544505817,18.522738940876593,18.876662792935626,18.636432510243544,20.589492004367095,21.507266680825921,18.856442409053507,18.340177360607051,17.41547541587228,17.366292629921865,17.523728194098304,17.222299461837103,19.024543585419252,17.516244652337825,19.62297872988146,20.062140467591547,18.697880277616015
25.94971669451904,24.215449738303128,22.632149366406168,24.966630806355944,24.727528959982067,25.137878713497777,25.16238144582676,24.437185216408615,24.478911322929825,24.725698492889357,24.736719548692385,20.196445408878056,22.943708533180384,20.217614215221012,20.17576561180843,18.947931819847717,22.362123190403736,23.080337198391028,20.081478832907131,17.545823289899815,16.870639650932972,17.628624831502009,17.896277189069323,17.289785704123588,20.26601866236927,16.923913337345098,20.638301257648145,21.432503258108582,17.375684052433193
27.017863794621263,24.344420370991166,23.283232984061627,26.04573252527571,24.591890616480867,24.794318681333394,25.091165333531691,24.547618951299413,24.830736855408112,24.945307572914487,25.03695669132594,20.571992304964262,22.93586183798714,19.230824987071735,18.242141322385791,15.420360730787721,21.313749191819603,22.571649552342485,17.755386378535661,14.640076336860872,15.715943213601292,16.138376099196854,16.555162437239503,16.095473769379964,17.955226344281556,15.728325221716702,18.403849031118014,18.962886343512473,16.301527956027947
27.749368525770912,24.24463410921274,23.210088327588061,26.583665790098522,25.12097767273854,25.387052583906488,25.684554983437614,25.363409006621552,25.964268969179315,25.849209865581265,25.831794696164089,20.194778343930103,22.401243770404577,18.467465153288892,18.297772802859122,17.048230509183512,20.529598464895152,21.894330525663221,18.083871462284307,15.78350435420603,16.73835729222359,17.071759282051481,17.588840061610846,16.982977173355678,19.385854449339853,16.87311636138984,19.355876240773512,20.279997192756682,16.979140626066773
26.604041084866559,24.365795716825296,23.186587622296869,26.164129126073163,25.582725378664108,25.8507932934614,26.024160108376421,25.504820217088245,25.87421855419754,25.868368667003821,25.945082497945116,20.269469244648974,22.454270308842339,18.477476152514967,18.61537753349635,17.695463391918516,20.848223336590614,21.995201321077012,18.710410524123155,18.542631429614445,18.568172786038183,19.307982969617001,20.136362390692589,19.092189679029765,21.866924529108019,18.738620673260087,21.680773104636657,22.721250237865654,18.938303433563547
26.024174826425536,23.393817511467311,22.060576391025791,25.11229371254548,26.231048697190765,26.381209775076549,27.15812719701902,26.481907487270213,27.016247711435192,27.260718229553198,27.463424696864166,20.730265929529693,22.916556081233679,18.156585555821039,18.18603067525428,16.055425516910937,20.906441791184392,22.29344351771099,18.12855437666618,15.367837482776096,16.251679710261584,16.534676132198562,16.553996686570038,16.201293568516562,18.574310123671204,16.260412570270354,19.13508045035816,19.615377012227263,16.7329900567428
25.142289155944781,23.243965111991479,21.837760135854012,24.473862962205438,25.66050395845248,25.772402092184258,26.471386359938386,25.516739981943026,25.828642632713787,26.272334642995816,26.294067885962725,20.409701633755368,22.406258623198987,17.587567295042909,17.610727987185854,16.87070299406966,20.309546946764655,21.719252256768691,17.542894070148641,17.69029237801783,17.392655098485932,17.184067645936935,17.043140973726132,16.74076326190972,18.797846223151026,17.520098717286466,19.334390711413164,19.748041330340158,18.249754396201915
26.20019359694291,23.951234463532138,22.405452565841856,25.264687619628866,24.746008782920008,25.454040403300858,25.386405987515531,24.625315810834906,25.180841063923133,25.2984149055995,25.490766250432607,20.691178229859496,22.897008407826782,19.101258406936331,18.896340317564722,17.919169202848565,21.352152083110433,22.357656862631572,19.229458593381658,19.242932370738593,18.195016420428765,18.596703983394107,19.151386408705122,18.479162693962003,20.842907059836364,18.602150318010459,21.17554605764208,21.878969960635693,19.494193371626949
26.665591098008584,23.240042115580337,21.914639977797741,25.370455100549123,25.583334753832133,25.595808617742975,26.141403641397041,25.440450247393109,25.431475316651046,25.836770541874515,25.824760054477778,18.134896337128822,19.772609495240985,16.043961745289963,16.148582292753858,14.201685140293279,18.103556193423422,19.131746619596306,16.019144873355351,15.267069535708501,15.921898879718434,16.341110978866823,16.712240889127649,16.218491368661049,18.420611195295457,16.169031906996885,18.812999089099051,19.41624650853133,16.689507331121568
24.926599067414031,21.811513968514539,20.125268733211286,23.743919633742848,24.161486511175092,24.360451662353498,25.041639077979227,24.12017367595849,24.306041394397667,24.796080005395382,25.024901289993785,17.222044548434923,19.001353621564526,15.720899333744967,15.461217320589455,13.920646991341691,17.611406620158796,18.491995764896657,15.348172774994246,14.816229791639046,16.132041908977691,16.863452032351979,17.163166176173632,16.741001260256972,19.014865493652067,16.225471856221148,19.681082227015544,20.232748742881043,16.535732433736925
22.296195791647548,21.042739481943805,19.333790970389373,21.990264830439614,22.609029295653407,23.077306759176039,23.764429147293662,22.940815623658523,23.80421684075705,23.969388741096751,24.424629954110529,18.279360840931858,19.944244857979932,15.788483470532277,15.256497259925524,14.060098791082424,18.037960209582941,19.13862596904297,15.549033457450044,15.258794111008093,16.471558784211396,16.942079831046982,17.634097935599769,17.23432404845903,18.373355523100848,16.415871640778086,18.974826922973683,19.649125165915848,17.033834277769458
21.701596514784427,20.692608380697436,18.985615056700624,21.318991178562229,22.563715350991451,22.376366028969784,23.655029726321125,23.163512461037875,23.851966598569277,23.959979836620946,24.264231017924757,19.561398435141641,21.598541327928025,17.330790868599074,17.10527948492409,15.972132282868372,19.797135424480956,20.917829866507425,17.460516091914037,16.881871711310886,17.650892230430621,17.551287185342851,18.081486508871436,17.711566469511041,18.289459310525139,17.659380663934996,19.536231750810074,19.641296245345757,18.220663826343028
23.129889632955539,22.132547950327059,20.253389827036614,22.423904049622934,23.313899907995705,23.146567683677077,24.851121401070969,24.162075113816542,25.017531819214732,25.24193636718438,25.574950320005122,19.822341221131957,22.189531159634257,17.614970819097621,17.932520901507722,16.924712610062628,20.395677824305061,21.537357743643462,18.26954897314269,18.224857175821363,19.279371742391277,18.97543079038136,19.248521779646559,18.996922334776734,19.507885155543889,19.313232592689211,20.676585257123278,20.660153563918826,20.024785123429467
24.031987316052508,20.15707444525377,18.704300250464023,22.39082680294942,22.78499783970225,22.580524969507501,23.50995329612023,23.180515367689651,23.711479824765917,23.59064379964466,23.551392431425043,18.26403118697732,20.18357656407661,15.660238845582043,15.573307224928747,13.193535152828545,18.210260281784329,19.473168157107487,16.149718697398079,14.435381341884735,15.936557022085772,16.843284537891229,17.905064959782742,16.815371508625958,19.646265625421123,15.842076266971986,19.20540577307014,20.464872313853121,16.247982802527403
23.990913635582515,22.515864857323265,20.947610156518905,23.660058460489182,23.106373119582202,23.326805104546494,23.990518966830301,23.517315075150172,24.189756383119352,24.191314983117657,24.307031393096452,16.641872980265077,18.602053955290884,14.825540955065613,15.104884681566958,13.605369764696142,16.855173798376931,18.106136300384421,15.292194261963388,14.676234386100781,16.859846154984467,16.94863059884036,17.756800845968989,17.446268901832283,18.11340655557418,16.584903671190567,18.43103857692072,19.048375158917196,16.680670694430198
21.291839337826779,21.954574511475727,20.294603863162557,21.299650476250314,24.76590700260634,24.912500420551517,25.33868493695995,24.921435709427598,25.245108653003101,25.362308391484355,25.407995580952708,18.020706280656754,20.277354040578295,16.900634278841544,17.234445744657428,16.111161948175472,18.797560960862398,19.973773041654063,17.201055434238867,15.512133886402339,15.998110649507296,16.144505028711521,17.083264310814094,16.368009216592903,18.392131961891664,16.094279883025365,17.858310663461971,19.061681763869764,16.914088298207517
23.97435196361613,21.355749437845198,19.564965931441314,21.977866645664847,25.957470880363871,25.897386509742127,26.610887631393219,25.866899510293614,25.810368958918403,26.183250485885388,26.197413283465067,20.239574664354969,22.440701899210666,18.604131262102321,19.609458781076547,19.076114082868671,20.85138292251186,22.132867491652476,20.175411059085569,20.734761617108887,20.223806477063277,20.526840485091945,20.990908600812602,20.591164063010538,22.37422621021377,20.28823116346117,22.843616744566681,23.434571425294294,20.690017899498315
25.247233446034535,23.879958895709166,22.369393461329707,24.527760609670899,26.111668614609826,26.051452456159851,26.89530711052528,26.242042272911533,26.437532776656361,26.770380532619953,26.930438683667902,21.350115236626145,23.429414867683967,19.565069383989098,19.784246690861146,18.52204494135151,21.739479672249949,22.960984186608997,19.504800937708794,16.592155349311966,17.108765469619222,18.16143995066242,19.078853071641525,18.229777349843452,20.985166959154768,17.320979057294799,20.600747403510461,21.847767820838072,17.879384516930166
27.353990892678226,24.078553159989575,22.909031794513993,25.347732471652812,24.650996349702233,25.558547363429092,24.607159246661077,24.199058303235141,24.491486799071744,24.387899749950002,24.634709556767568,21.315658061078445,23.607285507760338,18.917315833327507,19.753045317419648,18.653096384289064,21.759985168649621,23.10023333405843,19.908615663105032,20.115163955107739,19.266953989083454,18.916024053160925,18.498612493997165,18.326686814375719,20.501911651236895,19.477446782283906,21.227204619615257,21.527767411215514,20.286906059575209
27.079477319269536,25.265872980241859,24.003142737722577,26.569953886576371,25.92234720022973,26.297817362807621,26.388746712729564,25.64704477494675,26.100113366185155,26.214344151614021,26.429823846861773,21.50036845919329,23.63324661355643,18.825348222794716,19.811125550234308,18.928052986312281,21.619221519586496,22.983508198172174,20.17519570378483,21.418593352881061,18.707952210851651,19.955222833711339,18.958749729148074,18.72180598482953,23.517361957944289,19.81063893709166,24.298165903621282,24.95158337299965,20.278809439950933
26.890450955469795,22.739114978106741,21.072669049308985,25.478217379455266,25.709179230326939,25.481362455421767,26.395843982187522,25.95659152807157,26.370465963980465,26.444301137840746,26.544318194773844,20.905170057219649,22.72742367881677,19.234336999844068,18.254066627494851,16.039689177339021,20.893242788773392,21.915980244390227,18.196370381841469,15.564808468653474,15.331826759072072,16.243494191350507,16.475194535311722,15.980552715980124,18.929046531026053,15.196284276935081,18.961832678449866,19.94422310142609,15.682139529468934
22.354518416774219,20.603030022179013,19.105512354080261,22.45549714362874,22.546380756529665,22.253792833452628,24.097635046432401,23.448427593114822,24.38182210292603,24.532686090908321,24.787805913687009,16.459694447197549,17.837423637923102,14.636900048672139,14.188632965835033,12.849730919568145,16.10396821503064,17.096527222464317,14.123818813605382,13.569913476398554,15.639934831424334,16.393527411888059,16.05525207543382,15.929601769446656,18.455048253579058,15.372790903916993,19.065772898268563,19.693842160366771,15.408009058138369
23.105161219893823,21.133472165076739,19.701829195201533,23.012008114125088,21.539820917504294,21.736615412955814,22.553012390499831,21.880999344852569,22.565692460691118,22.733173988678089,23.105408452434659,17.972836546481723,19.896621309641247,16.859136572798604,16.472611868711226,15.582756800511014,18.517138076388463,19.474587566104653,16.860555624579042,16.269503021917366,17.069133458578676,17.758962633706609,18.114555311590003,17.493990264476309,19.675293925383279,17.471366045433037,20.310035458582263,20.824040661091104,17.229415965035606
24.490837149525021,23.664198452655796,22.063304972359617,24.359066737950421,22.05185726695494,23.113944145954598,22.388665353739569,21.164511009923686,21.237722664089311,21.835507548423926,22.361351970096877,17.246861574502354,19.093825540149886,16.820024408571292,16.559036260167858,15.869205833576174,18.066974330377541,18.735503543349161,16.34764718526359,16.513728918188647,17.865954970673698,18.278224729342838,18.962068427978856,18.489988497902765,19.764090971907677,17.980090698206673,20.165651119646817,20.734991539235438,18.296456176519634
24.443128397085985,22.455661154684194,21.141250639748478,23.55742639715131,23.517580554905742,24.519310303678829,24.159596353775243,23.30123646372158,23.4750861505632,23.818316581827737,24.090971467939482,17.599058449697253,19.473511178528398,16.013213299070642,16.185017601541716,13.833767149056499,18.004326143538066,19.029180769255447,16.311890536282164,13.638000469905499,16.020453209036482,17.59081242961723,17.875870315663569,17.161682003190684,20.449462227499964,15.699926064847169,20.605681438611768,21.61011410454045,15.169969281749104
24.189007303628181,20.887131497295869,19.485062774167034,22.578997171924321,22.402922937276422,22.404321482054883,23.121807649429208,22.564649626178515,22.893604385743146,23.203960816271852,23.477772061905817,15.336298459977598,16.772529891121692,13.763719334237798,14.012948054668172,12.250106780903117,15.460372148002136,16.411429715361777,14.213639924413805,13.587207501952577,15.489448682590265,16.466760994623883,17.670741848004035,16.598902249745592,18.751388488598167,15.959382158239443,19.325770124425809,19.836130639305836,15.520856262282322
24.108758798298744,21.123166033209024,19.525107808718239,22.34528045914216,21.044971346996157,21.599207424747384,21.781150483899602,21.177485301078256,21.887762387437633,22.089046049335622,22.527415647898842,16.139593398502825,18.030360732376309,13.646502355961559,13.967125728033473,12.841891779623033,16.122509970618914,17.351504868291734,14.793942817354299,14.758713057108203,16.659312266795666,17.251411356217076,17.874305588659468,17.452277580641777,18.526273905196994,16.924828345953692,19.498713521102623,19.743061771521624,16.417819596669936
22.516447426861099,19.987862637279079,18.444807510926267,21.658651677979584,20.48209454314204,20.627573664511203,21.32673366050858,20.842130739215634,21.476628228545962,21.654357771977232,22.01972988459309,16.614884218231367,18.264082253359256,13.876439389108526,13.395535705577736,12.645206872345938,16.446021887375458,17.456444187955505,14.225559818819576,14.644661034797068,15.17950879237425,15.520015710943959,15.61918617632427,15.243892691451677,16.957887515532697,15.595443943585529,17.860749759562658,18.143371634336638,16.022694183940295
20.082829565492759,19.102897053409016,17.763728910158726,21.04986304418761,20.605367471335313,21.422074536316458,21.198432024852764,20.083161954329711,20.477773311963148,20.849373001549537,21.170703276097399,17.513893502693456,19.337429529007359,14.901808759347134,14.89035446202476,13.90756707258749,17.672830468603152,18.81832064543795,15.299440655509777,14.984761207845231,14.858265303094292,14.597718244333642,13.84508592610289,14.042069505123386,15.462225717782005,15.763744032898366,17.172889003225272,16.939736104430231,16.192617667728676
21.620608878088944,20.693655982581014,19.232133187645736,21.866916491821726,20.122179158005721,20.294395175083977,20.839834095767991,20.707072797460448,21.111439901669591,21.126899124538205,21.272277287903727,19.294808094132705,21.446814447298067,16.878418766050878,17.437900811007424,16.427301727178239,19.844361239065087,21.008726201724528,17.588127991144411,16.073451571066883,15.033603262280927,14.727751905533083,14.822615346995882,14.651318909411053,15.56031762915979,15.607568627140012,17.243424814544923,16.830017157838292,15.900978036575296
22.18325731730382,21.481159472065826,20.051273035505346,22.794518168637552,22.377660939770102,22.364363342006833,23.045474843114249,22.542558552669568,22.607281018393081,22.898784473775642,22.997860104358892,19.031037171174198,21.53079119491224,17.401257922094466,18.114719480791976,16.949160516618299,20.127660150740255,21.236148170830184,18.155806611053869,16.201416917147505,16.443342135852468,17.04744396395693,17.65199688932195,16.95557462774552,19.238071376294045,16.271639171032184,19.191964647822665,20.146511977151071,16.196777268613296
22.173451833501957,20.82132619530519,19.267738038831176,22.564671696272747,23.729241905248315,23.864111096166091,24.565751582767149,23.6800951985607,23.819793451774331,24.285839137195126,24.471064932249554,17.146264628523163,18.765540155203205,15.97103877887519,14.791105536259806,12.879384022673484,17.215974220829189,18.166186317705332,14.73964991104679,12.568168760341592,13.549107487877542,13.846025936544507,13.860100367835635,13.338776267519663,16.084265444985974,13.727318281038926,16.523825865487815,17.133122277380387,14.03102749749241
16.930094247728256,15.499606758021628,13.906009191414036,17.676624935244917,20.364081186749999,20.752053161602689,21.225018427648124,20.558609017718929,20.666023195423385,20.888751947583643,20.829112643593945,15.106226777355722,16.697786339011444,13.670358016381563,13.472264173633192,12.149682757133291,15.208171971133311,16.144858286152157,13.088323958569553,10.447994544522878,8.3358094493880017,8.6281835288807969,8.043467515325105,7.6858185274640007,11.189379678481757,8.88988849321602,12.107454105807953,12.389104032475174,10.164572185184198
16.023658612845381,13.358601477975384,11.450233845678227,14.983245795864214,15.293346976517356,14.789092174304173,16.383276562974395,16.170561591285541,16.657468713786038,16.513612027063779,16.366973720737278,12.646100211324082,13.714185571392825,11.405289689250587,10.191010283282182,8.6719448694117318,12.173856905624802,12.888527600559563,9.7887552567539942,8.3775899746198874,7.6027907734151228,7.7295753259560769,6.7731505905317846,6.8511202419983235,9.2700488544711135,7.9274428557977146,10.599027573972762,10.596592634474391,9.1235924661330827
15.882404912915504,12.890843787350647,11.358358415289409,14.653357298230077,16.767559802110227,16.29600871061016,17.552908164021161,17.210380746767513,17.557020573463099,17.520746009243517,17.450796736083753,10.517159624439714,11.856991668298143,9.1428255681691795,8.5811042103647637,7.6205030340687756,10.053978083904823,11.002076005977237,8.4483792347795301,7.8356869722918745,7.6424098101134916,8.2919732249389071,7.9065796128633679,7.5482704433063574,10.749428212665912,7.8930469999190862,11.548427787994974,12.019241759737078,8.5706021380677413
16.098948883399508,13.565904797353589,12.0306381763451,15.091524079889957,14.989670413701162,15.288307859018296,15.636385857251476,15.292595187832156,15.857581892172952,15.797299601621212,15.981091815501053,10.884083709022285,12.279345449696713,9.4493997219601127,9.1042865217110105,8.1924765393949954,10.564356403809199,11.613322694123035,9.4827254247940118,9.100238188102395,10.262683816024484,10.970236860758575,10.510115544539943,10.319718351464246,12.388985296233187,10.146612546479417,14.140718413403313,13.978371491434906,9.941616235120037
15.863349080355768,13.714580563590808,12.177588166427839,14.906607190441825,15.569336261187438,15.42150804661263,15.850563761022791,15.66225672605831,15.662507002395877,15.772368823055274,15.90932670617309,12.869480899200937,14.799561037646413,11.262075518165368,11.560891470576124,10.287434029734641,13.323597214063966,14.443829794456946,11.944376794904407,10.646892470422799,10.738287872675649,11.093657039554309,11.45336150632756,11.107812554955004,12.580951270948447,10.981501434213584,13.40208976596054,13.862163410846428,11.701115124106806
16.347741664564083,13.843248333558599,12.794273880036329,15.187600323583112,14.791001969099653,14.944482107395558,15.421698580626682,15.194924185189322,15.576562772579273,15.540404761349194,15.576780575132126,13.354924366603178,15.124743123766017,11.33523958429069,10.312616094315416,9.660602343157656,13.539547597125484,14.392150338970531,10.942512022668012,11.692991807886386,11.740232051531841,11.683427843525514,12.546887364241037,12.218891320817448,11.758453487495281,12.315137218931355,13.571516648172732,13.019888597517692,13.851766005820075
17.352919496121942,14.720786449796499,13.679379029161005,16.000389006060843,15.344689308000241,15.775573565843608,15.837809355100902,15.086180312602146,15.685237553181594,15.803676239489192,15.955071653565341,13.613973682336166,15.784704313463479,11.700301418338206,11.644192177467325,11.128549701016823,14.027498738185187,15.279886187811556,12.032137516307976,11.344604444243778,11.890719326329823,11.648029110178335,12.885331262779744,12.416398460898144,12.466551726883445,12.5219061528975,13.396626836336246,13.593008672359581,13.268868841971297
17.35887948123699,15.537016264490099,14.344582474706101,16.651229405088493,15.610397802367146,16.467417348234726,16.260406127884352,15.57806037664669,16.360083719912858,16.56441086452233,17.087362560127445,13.378685230473479,15.164996787517182,10.437112158737548,10.790217496946823,10.119586677492705,12.896378997458918,14.392843409203977,11.165604161187531,10.737442312765687,12.239514430239375,13.257455572049487,14.031193092897979,13.416237985368674,14.313047011085921,12.292809843179818,15.591807711091199,15.815623220064374,11.700024332797476
17.850953971213862,14.807154448913501,13.562738022300529,16.324212121176245,15.533583733074479,15.875814353343841,16.17363733529568,15.637041109385301,16.214401861488248,16.423802229048768,16.883491780129567,12.978212749481713,14.601363195226781,9.5507322457708028,9.9369058989048682,8.4621360813082234,12.108370453891666,13.651544389706508,10.210010314632925,10.065041785941865,11.250475109827576,12.079107286372114,13.043019852642914,12.281098768497706,13.701055277114158,11.161687697305616,14.111875860372997,14.917452127501114,11.262017387793449
18.781950179099425,15.29015966691415,14.045793133746137,16.960842177130012,16.291402143495873,17.329749551942157,16.663003084400671,16.075010907110219,16.627258646968542,16.745327587563366,17.156238797624745,12.461683326269181,14.091634702808861,8.8358734293962087,9.4617057768728756,8.7416118587406118,11.569742074644914,13.211547354501299,10.184245274181293,9.8976523666677707,11.103583889074393,12.175093322603701,13.415284015022102,12.582032531964678,14.044782821596776,11.096558087449715,14.343840014102689,15.286073122145375,10.942876479584697
17.416109924793183,16.933027836448602,15.637341571278675,17.91500360660558,17.270527071175927,18.278714043637009,17.603020311111855,16.702048279542154,17.171917958952406,17.39957672222571,17.705510046151076,13.70195910201587,15.408329602114584,10.578468959583745,11.538050198826944,10.574170140312539,13.514840583427578,14.794299168421702,12.317806402852078,11.789247751254052,11.35596396373559,11.69041364963644,12.736699951647005,12.099822057135185,13.684160722290699,12.028013778238495,14.349002205217126,14.917257537018259,12.791973203806108
19.003615439188792,16.378177956928347,15.278601586708469,18.475403622951653,17.0325596595749,17.652452790306654,17.248370572320923,16.960947787259499,17.126600495215172,17.208147736373299,17.222302035640361,14.799166619336702,16.517186982401164,12.082032564847815,12.626587992643962,11.580184463761576,14.824706006744783,16.19770337412664,13.301589682021024,13.057622375390473,13.025689876503812,12.68185927510121,13.904861826854592,13.359338971482053,13.365427480157386,13.701264600727967,14.505887504896833,14.536237874317784,14.570207397245312
19.75525474506999,16.61123510147555,15.548933832568352,18.320721570699362,17.278286172198662,18.35122462445424,17.780079661288902,17.086813001281413,17.365543238853476,17.477802632124295,17.53687966960868,15.615063634360233,17.559361976978927,12.464295322764372,12.81628973446422,11.466006140482129,15.415836521253468,16.946260305493382,13.687481418678054,13.838036631802488,14.266344036932189,14.387557182723484,15.222945053970129,14.811142361706814,14.565596614723418,14.328153086652321,16.081457403849853,15.860749480425788,14.556006195213115
19.574337089270422,16.955540995668279,15.905742571842062,18.349752240821566,17.505263593547532,18.63492258757563,17.956936707766936,17.052671956301324,17.639224617507665,17.966744293658479,18.529306683289306,15.116507438027817,16.935758263677201,11.987999659497262,13.69329170784976,12.703718682678343,14.931231306489217,16.493095354196626,14.201369388255188,13.80836133963853,13.698389312531091,14.616848026390372,15.901609607662643,15.077228471299037,15.363572395181471,13.243551141606616,16.370298879835225,16.600064922244414,13.254752973754421
17.583465965688099,15.868426133822645,14.789980533604549,16.930885146687238,18.065428548509438,18.609815574651044,18.492226546516328,17.912266428193533,18.240893704974425,18.355953884783304,18.401168856478428,15.072437548263679,16.971413544284154,11.493873669424737,12.509414898287318,10.608437811608518,15.0197367007206,16.426032141217405,13.009271029292663,13.068664602857574,13.110302582575549,13.644364724540644,14.688746457373284,14.200457104776696,15.103842306042061,13.431900743778719,15.746298790519639,16.300636315315188,14.55223553837773
17.904848899830974,14.47907313676729,13.201594195828854,16.051406753877856,17.444826419126521,17.136921623579198,17.919100877577193,17.511410478734007,17.912470126029788,18.1173169521606,18.426791846181537,14.26445662757564,15.92176913152845,10.975035375216102,11.420591638202893,10.84817475287349,13.711005329888231,15.257747698851013,12.175216469533026,13.765090714166462,13.626809716436043,13.747699268273486,15.809652544514435,14.810550763634694,14.771246740677739,14.22188684264313,15.547870980058434,15.772353972564161,15.803326484793274
18.15980424481527,16.031936085407871,14.973183234838501,17.37715850834816,18.679741582550484,19.715374203807912,19.277912212140329,18.264186892801881,18.419927806928072,18.919226094155029,19.38064571860069,14.001981666205097,15.993104600545514,12.301969171646988,13.233742344752635,10.909562785341819,14.480487036952283,15.75152540054026,13.529218857998451,12.455125870483471,11.480971735282758,11.952451804560184,12.839791501535018,12.11982764542492,14.434580178237127,12.323832848015392,14.817881036235804,15.60304796136522,13.550067057821622
18.388059292717479,15.798128260925658,14.373926466671108,17.797481069457,16.870240851506793,17.145449978913327,17.934437085046341,17.843310452710455,18.748810344568192,18.708768534864262,19.273675003800854,14.189804586750228,16.349452445282893,11.415927233159813,12.295353497100095,10.395808851040819,14.555216051963107,16.097694723517122,13.062979088800127,13.615388578446662,12.951427787076689,13.339107669207159,14.935427798955629,14.15348684669636,14.540135965201955,13.36828034303101,15.548795361915417,15.738301176730516,15.058465523978363
19.634930989137366,16.559602740351238,15.364786538236736,18.181329259724876,18.665316965550758,18.964625127953298,18.960914067649426,18.73928285766052,18.707146643220987,18.945611302516518,19.127748735503296,14.943726091083214,17.000386218168934,12.347637982949735,12.963836478895203,11.543163523717055,15.340965527691147,16.706138809894568,13.64666486431495,14.433152816323698,14.951658036902543,14.667811578464352,15.929547399306536,15.310205177611714,14.768365460518275,15.565220860635954,16.573229011568493,16.0641456391118,16.819893312287341
21.053416448246317,18.900151632084039,17.797051303687383,19.739429803715247,21.430354072483659,22.366035332052839,21.935473395510279,21.074889882112224,21.181127000429782,21.667050414149394,21.862864505580539,15.755557251230719,17.88587266496188,12.942579183680017,14.396879378114072,12.246082561002289,16.24558747363168,17.690234034183469,14.949768920367724,13.843068163390249,15.170064402944412,15.512461001942505,16.430967456551699,15.898472287207674,16.209267734754697,14.894437419106183,17.038856137471811,17.350118288115908,14.93946632578821
20.565253445424389,15.895735659839254,14.268348052032017,18.884307196737353,21.891850405277374,21.237519902634489,22.60427901674506,22.188533327446912,22.059973555030034,22.327885101805563,22.191641264886222,16.089030794367858,17.479603100522766,13.847750658039715,12.046359063377963,9.8375121783976809,15.463423120804805,16.3996886877066,11.178489590023538,9.0382164974816064,9.3123309549005455,9.8723956917042273,9.2734865011765208,9.14205636384483,12.18477906850034,9.248338625214231,12.594682003819763,13.382344390589076,9.7587525051589878
17.238071651378,13.569413175024025,12.06867991436124,15.966454844403131,18.139507366013156,17.630803465100769,18.963413721459609,18.476884568413972,18.605282466825479,18.879490853728043,18.94945431754914,14.895245746826582,16.836771237260443,13.49619097255141,11.306812123944482,10.56575752564688,14.997502842236109,16.154578051717451,10.294759931474857,8.6700403957436549,10.501507824719539,10.813671421878361,10.264323088433436,10.314926487993347,12.2114544797235,10.048410082821263,12.776814819789521,13.370469056134482,10.35345681794508
16.582560046784046,15.125553370964624,13.633757773451656,16.319152151124918,17.788124670630879,17.962062701089451,18.308514149478142,17.92805145952272,18.412632268090654,18.328043371735838,18.450837258828685,15.499566274314681,18.152959900396944,14.335180764193645,14.401763439803311,12.837431822134093,16.64767839600222,18.142050429208226,13.743942544400703,8.844796374187915,10.262741669832501,10.254275440501864,10.172461151996053,10.055225363345009,11.783937695751455,9.9923959572014027,12.086418160710785,12.782215246869583,10.427648993784658
18.584795141306579,15.719721041794081,14.656810605642953,18.09138977135855,18.301253447756196,18.596790610972612,18.872546066951088,18.255597396365523,18.533218749324284,18.719463865555596,18.911284905402887,15.873302587139989,18.275176995406994,14.115640718518932,13.809109152942064,12.132291519350368,16.585323112596711,18.047836622453744,13.257651581610467,9.9855225660563889,11.322784533962007,11.655225437909039,12.156981607998098,11.715229107215926,12.883497268184179,11.249264604052556,13.671627607481099,13.923364937622033,11.399097234125598
17.544871349782994,16.078920564912686,14.417441369216903,17.494019125133434,17.390508814403439,17.791758668251937,18.050378731989603,17.810258378067509,18.364705272058956,18.226407290227129,18.435128408635357,11.89453666247703,14.018002289809878,10.330518620286853,11.308523114665185,10.17003310050314,12.492555425469561,13.839175407251432,11.373851008340459,11.60617956696148,11.143483481371774,11.67725745454964,12.684012379376369,11.876420731125954,13.553367981320442,11.428797356719556,14.417664305023415,14.828265866884372,11.933852150969614
18.122918964034412,16.35088098388043,15.194073205050607,17.593819963775935,19.581535912890153,18.791620613711217,20.595045652278472,20.306969183876859,20.954203018396228,20.888777039563053,20.919589675650961,15.427661496930838,17.900580223249079,13.569643879214063,14.4383968579751,13.343317933854209,16.114505561865911,17.62284551518885,14.854781696692463,15.342241605619705,13.922807910190997,14.023666791431602,14.979627144211989,14.39498142195275,15.371358661334313,13.719534814506424,15.352111609182479,16.193598256662391,14.407447307730138
19.425839537376632,17.957928171753807,16.822219975897745,19.703732551018895,20.20429552677254,21.091206615079528,20.695203566401474,19.871068710098314,20.088146693979354,20.283030095362399,20.383602515082607,17.580506514062677,19.655293669350321,14.626720661609944,14.724561162201645,11.508096200533359,17.56049224771894,19.106003695444898,15.175155964811317,11.157330640180895,10.543015934852917,11.417668349175266,12.306943782113379,11.381472279069527,14.439897017352429,10.486411073249094,14.008671649378478,15.24300016067442,10.985544681155446
18.246768197766997,16.862569736306178,15.397776875432854,18.8208332676951,18.718839790679013,19.108242812609468,19.431751958539429,18.766047234451548,19.1653255742686,19.215871084154728,19.240920174053052,14.983251835959642,16.753790626772918,11.922202614369702,11.249045362130559,9.0292499805142086,14.481606715143144,16.05582854287082,11.749688170648596,9.8933411872550607,11.511032538020572,11.601677878420922,11.583594767720598,11.288155669143464,12.647973212055575,11.313923051710113,13.620740294415633,13.892076318886964,11.272612237397233
17.40650055891566,16.816437633357943,15.444214302127065,18.187817085421273,20.166385952399295,19.711947865264634,20.795365542911469,20.191806818132228,20.22955884581522,20.505630547346506,20.685023102731897,14.907816607278114,17.271406859866843,13.0640274872612,13.167975068329589,11.208638872094227,15.369184119406441,16.945291374907363,13.689080088373203,11.284473934979495,12.852566725660516,13.401644054820935,14.29491812315014,13.612089115316579,15.459004106728422,12.430390989304613,15.268690595280418,16.361965946107148,12.715121115816693
17.868235718394189,16.665963747212217,15.237477934034239,18.928361983375289,19.396929398332091,19.411579241695911,19.815057471018655,19.165013199155936,19.115353545832257,19.343884079079224,19.318404728980859,15.704280142552825,17.713428090277731,14.132093717872223,13.450679813226692,11.30106455937603,15.918570157609828,17.105671970476763,12.893148800769737,10.126343865210124,10.18314203797069,10.73915368146308,10.80903652924934,10.429130289236639,12.718658199926345,10.199410111460359,13.131064906336597,13.791523244202466,10.954689407174691
16.52143703605244,13.201586281692549,11.975658405200782,15.58765541030025,15.988827578974806,16.246566935735061,16.889738734996875,16.178732381522771,16.738114021599628,16.850337104116448,17.071740667282185,11.589067818451461,13.446342619458683,11.192208204491678,10.026752221421411,9.3368467809692106,11.973505715088649,12.969395768101535,9.7736511074612054,9.198102575801407,10.810486739773786,11.260600725067633,10.966090101705035,10.861113011801187,13.099785204702634,10.234931179342738,13.224248802321824,14.078851264443088,10.143684385942962
16.640651774113408,15.129853698745613,13.986013919980635,16.671363732923709,15.533123130494033,16.439129427009171,15.913471804052804,15.051735828747852,15.257309127616345,15.525492872077159,15.662402139982916,12.218866045488923,14.697921892399435,12.361966837245042,10.498675563480901,9.4883422204348165,13.382789829051582,14.434545939244593,9.8612811226250656,8.5737075504451923,9.8074041141943411,9.9011997033692793,9.7191440138416922,9.5917959124619969,11.277064094877964,9.5835387864857253,11.820534182429178,12.294291702014966,9.9444125243206187
18.068048415546748,15.064096045709704,14.284086671543655,17.954963795766872,16.567398860637525,16.813970450997004,16.870423070916317,16.223790758710614,16.380750588754474,16.640574565328016,16.619261523537936,13.222312453861377,15.897767525726955,13.643435611613398,12.360422939523069,11.464372238069238,14.780214069143071,15.800699253434111,11.391494038260738,8.9631864516648392,9.9038505279094622,10.097645229345311,10.440586537236292,10.13396401526176,11.787620134573615,9.7505735695497435,12.057334838993413,12.806988702767384,10.322099942944831
19.865848796057819,15.358866868389569,14.345771903776701,18.544869439302424,17.068951888221562,16.72625607587031,17.507552885052903,17.166957805419834,17.307729688904793,17.360611996044334,17.286277950334828,14.56395831737462,16.85666784168771,14.37717092456208,11.499946822613254,8.7801200113033531,15.247289344919658,16.130205975251904,10.734453080496792,8.0994073100108892,9.5219751055130288,9.9288294829806034,10.046054313798088,9.5667803488318057,11.85718881812052,9.3929841811229338,12.291443647622145,12.878146074085215,9.8038212686572308
19.471996302069577,15.794522679130324,14.38612141951328,18.084028167137596,16.492491232881896,16.47299215120136,16.852394388685511,16.161368933187887,16.347635536108768,16.625819157697045,16.720367464480454,14.562748179003819,16.803103632366572,13.939668792703067,12.195607070555823,10.806482773648995,15.104996166918951,16.307574967820635,11.415051411516039,7.91458315701027,9.788031957067318,10.03740164975315,10.041183467253887,9.7690210085131781,11.74860911622752,9.435682360496763,12.19356173564956,12.782211283791227,9.5673375352885373
18.28438029046486,16.407265008885197,15.164150709211292,18.514217945506843,15.855301852686281,15.915570467403263,16.274594171871911,15.803456291160614,15.998569871606215,16.113534792306169,16.1766618069298,14.213721714100217,15.496958112497083,12.352397781389335,9.7412583928061665,7.6130730752902025,13.139242919119496,14.237454432195861,9.4804772992047646,8.0437093341193417,9.2775134611559693,9.627279483298409,10.245456609722538,9.7148068868921484,11.457720617750311,9.1450894009183372,11.620449601432924,12.459320139860679,9.7892048880874682
17.501216723618946,16.07148421644542,14.821595653278393,17.679871078507396,17.769571911977955,18.173068014986903,18.219988458586705,17.298629625588106,17.664333914713943,17.899248853354486,18.011996092132421,13.089360392209578,15.218482649627823,11.930019728817129,11.319966586653216,9.7557004512625127,13.545064364976518,14.815619276093713,11.265041331335816,9.6141555268194594,9.0909479711992347,9.7894508698975429,10.679424837263731,10.033558653369404,12.422115270206596,9.0077307504245496,12.318201977275429,13.277142961591295,9.4950507034784835
18.219727849998428,15.30643946159951,14.002351413278625,16.949397003547659,16.550992526945279,16.96596170312538,16.989657360485943,16.542362304288325,17.132181103077713,17.112110924562451,17.335955756120747,12.766258289747647,14.699241544967371,10.8953905779195,11.151556819727077,9.109849007356317,12.605123780768309,14.211018998671037,11.906332083899713,10.34454876946976,8.5557906669580035,9.3151787946408859,10.969071463091936,9.8849974100740781,11.703138980768841,9.2640863524179693,12.225785732586488,12.870920475098465,10.181564927326647
17.201878552552714,14.148387757330532,12.993854962102127,15.730614794507218,15.426017452796522,16.301746307124979,15.634921779282379,15.541254428158659,15.600080081552207,15.649033552243004,15.825894932025349,12.938247280006856,14.812955338725182,10.8833118804245,10.27239527841958,9.1105110254895578,12.733978924742125,14.264408591955984,10.784657067013462,9.7797515787207701,9.1789238205326242,9.2438604066902883,11.41613667269344,10.304419120351376,10.458772759788879,10.099894067160228,11.531101061612496,11.475839182313877,11.776867149306483
17.684959403874863,14.796480282927604,13.740603466971557,16.4326575448504,16.663304422797175,16.960671968205716,17.00344655970919,16.361684575334714,16.476298356254617,16.791819692430074,16.949988276450277,13.966934147011571,15.651637000562253,11.160920100200698,12.100913838601329,11.356891688105705,13.251285762681512,15.065553592463118,12.799658282519282,13.13773981200211,11.220711728669158,11.267977769899964,13.493820995412953,12.312693408135722,12.474954361139524,11.768883879252961,13.111418158913992,13.295574773976284,13.340867299277967
19.326523921583103,18.187009630780778,16.730232202014811,19.063042843369892,19.467211952293376,19.18234631144211,19.693978655023393,19.072822046404802,18.75728139565684,19.176377904108435,19.331497217572753,15.310482462257269,16.69976386682206,11.653645790250422,12.0722821203329,10.774898657789635,13.709383153757841,15.800541057022691,13.563524223682002,13.854897786907564,13.339125662854507,13.527539571279341,14.421417862923242,13.82518261762258,14.974221253377472,13.822965275674179,15.582627032812866,15.961998211816478,14.457665933320186
20.1413056007219,17.223870813074463,15.322353050351083,18.817131193669326,20.598894621172036,21.116562775251332,20.838150219256356,19.99735404360851,20.179626417542309,20.398037207140192,20.609753522750587,14.657285720517351,15.942856446773092,13.868050821852755,12.076520760657218,10.282469545451598,14.317818956442117,15.137435880752598,11.916913925767638,9.1800792334173025,10.001301463207234,11.238846299033995,11.533074950521595,10.803756009009746,14.287247620155689,9.7191650158911358,14.246209866204417,15.310770222605214,9.9998483613043376
14.101059569655526,11.100977497983862,9.2162493404650547,13.073834818859268,15.303353869596783,15.153153744796811,16.006788624088429,15.555406619891471,15.737901567456696,15.776002417760367,15.743431019471018,9.0274052776528393,9.8802551356401409,7.2075988207115884,6.0788700836268887,3.7113967359071793,7.9583754125375492,8.9835530327098709,6.1230913493019514,4.4732084894532207,5.0333935745720026,5.8248989106875513,6.288309192562437,5.8342734164704595,8.0803646679296293,4.8264100223911299,8.4247572316777237,9.1685439756345062,5.7186528344844447
12.070833530841782,10.04369535984808,8.6961266905662242,11.687053406859071,14.398062245782135,14.398536045838,15.364801102431144,14.769760185769996,14.994983715961062,15.20058425969146,15.178987755149208,7.9391887977532747,9.7999869751510076,7.2185398611719833,7.10549330785922,6.376605789438976,8.0145036973876103,9.2425834118163124,7.0663310254713707,6.362858967617548,9.3128952575775727,9.7721853675522681,10.326519596656141,10.066629951331514,11.165738340182692,9.0242756794311845,10.748155145012504,12.02444609062573,9.5407176773882156
13.655544936221155,13.618655793919736,12.001422946946917,14.236432545715402,17.837055432090899,17.938577203226551,18.678923770685458,17.897245105885162,18.36981542252807,18.500339735380976,18.588048051920062,14.653032773176676,17.517029004626451,12.717280207869663,13.645956863623077,12.396584672091095,15.608849322692819,17.207549140111588,13.627483761335604,8.0008430371784698,9.030682723987546,9.6721674815463743,10.730251267428216,10.064996868623446,11.712722507233714,8.4776371576341489,11.222651472432979,12.495027047648847,8.4907788374691933
14.159384182539313,11.956531138949764,10.22167810978474,13.358158963467275,17.950109851748785,17.809178567761016,18.187028523717032,17.779456401015892,17.540249648256861,17.694802196218873,17.635238209345722,16.480067268164731,19.411374392534064,14.76608529109108,15.949025623332112,14.660836877894461,17.655212326965184,19.331114023729178,15.35881391602603,7.7646498887296715,8.4901339610949336,8.8019765927129612,9.1394235927471144,8.8355592913583649,10.416115993288308,8.1051377938696092,10.638299896393967,11.348984332994064,8.6616769405806622
13.453878815254441,12.093393911980591,10.521285545449715,12.916670200710684,16.202695756084672,16.721583596198542,15.9407794119127,15.20299534249498,15.432842554407287,15.560132566409159,15.595326599494982,14.142630528675987,16.252567582449892,13.160499901445554,10.600921468049627,9.6689908563487847,14.414555004695536,15.609840689536348,9.8341121443028712,6.6846407041732121,7.600033191608361,7.8249236573988483,8.2725128258044549,7.7127242444261839,9.6988389397175965,7.3906399921398531,10.03720103802759,10.643961179682449,7.6909086504295843
16.372966350384118,14.041998144551727,12.504315364767272,15.260789066953855,18.139578019812333,18.502703351061584,16.83773312130748,16.392848309246411,15.164174889590136,15.392338351152119,15.238150199410001,15.683291362432414,17.400245872578623,13.372415920696369,12.596303825015696,11.528692051408363,15.056046728999796,16.552468043188725,12.27800774508659,8.460738897410998,8.1039937293366506,8.3241497797107442,8.3606238186808213,7.9808151912810033,10.176777395709408,8.2362797221808464,10.399779139202813,11.075678080041151,9.0156355339406957
19.967307074081035,15.362789377389596,13.86678032761332,18.273467795417986,18.043835914872446,18.145636791588053,17.721117137049177,17.407983065498307,17.086120322377688,17.232187268499011,17.096211791550353,16.605279601776111,18.280198994426421,12.287899476473768,13.607044524563904,11.531278045980933,15.378997619216605,17.450256244497318,14.204270958266882,9.9807395622403448,9.8177110224775035,10.395260882987095,10.620107840205513,10.16819210211878,12.293742403580062,9.7585726088395219,12.473766398827465,13.310935937850893,9.9904428862070631
15.722711494454522,11.017831881164106,9.5431383799706708,13.413167848928602,14.357570127767232,14.065367616184631,14.629771006499858,14.245163588015679,14.567384379469935,14.572072213778256,14.511661387571927,16.729702111895222,18.660425073534867,14.314475925696904,14.482209840875612,12.579137122890181,16.633796203000919,18.220276839704418,14.432607960612465,9.7848857086680994,8.0947839071293757,8.0939101895924779,7.4562944979989041,7.1987632814091782,9.9690643071981171,8.3729615253447136,10.756968197626961,11.133770359393175,9.3998237230550785
9.0378873788108791,5.0817769309933212,3.0988128949026574,7.5106879594170906,10.957929168693866,9.8882557759050442,11.707040696632539,11.735107731206654,12.352739910496283,12.019934598869156,11.808165216766191,15.409035448103189,17.079801789898603,12.336074653468003,12.340881983174818,9.5342107577128701,15.108690445476427,16.444073857776296,11.538178196081454,4.5678496084377898,1.803242562690869,1.9841495397177553,0.88919552451593376,0.79305421206382221,4.2673114817314044,2.3468910939299548,5.9690993316690211,5.7354031617752881,3.746930579361468
3.5189680954497291,2.9672490167157193,0.97135867900979633,3.8734482199702782,8.1227333864334454,7.5368720363280346,9.0616438596164812,9.021279336043456,9.5170566976630084,9.2830032004387704,9.2008038456262113,5.563607796762355,6.9876753112053223,3.7939783573160923,3.4668129330138484,1.6102631294713419,5.1908921532224142,6.3147965276752416,3.727343452432244,2.998739410442731,1.344439557602044,1.8587781642738435,2.0194297651154187,1.7829954982002221,4.4057727211496669,1.9885787218931554,5.0689847120824254,5.7386719316162456,3.6846700384659101
6.3101100037261517,4.3447597778040574,3.3608507995576602,5.675022877647649,9.4225322934185343,8.5638518632475211,9.9196257734435491,9.6786029620995961,10.254232051115437,10.250762104685037,10.195675317382531,9.8813306445380036,11.833956626233565,7.7335333660676113,7.9305162500250574,7.4627990477033705,9.8054737337593636,11.130751341659234,8.2181234914435706,6.4429946186350548,5.5045180547387886,5.2686394714859333,7.1149708246806824,6.3679064629068662,5.9745149863875326,5.8221171741494118,6.4851054024700616,6.6183675030476863,7.5081007455545645
11.059717233819555,8.1374330391399425,6.759445797968759,9.7674917071890803,13.029216743293333,11.761612864642579,13.33476132573508,13.36775800074701,13.215929127866126,13.280843390096443,13.038152837167019,13.054315175338772,14.69220651020337,11.094461661211902,11.355441310244707,10.910626164633854,12.990327793300402,14.202084280745446,12.033305679835252,10.141506501478268,8.42660332004791,8.3360683506805699,9.2529723788064402,8.7805796973788119,9.1059784038695,8.7655510698499768,10.048167689324266,10.097966426293993,8.6030379818643894
16.356452353723505,11.809164644725399,10.986356420230209,14.539242032898855,14.203995523307007,14.54304695232716,14.324448302509808,13.690572066863332,13.833484358815696,14.041734927848438,14.181076628447592,13.191160124359193,14.902706975936255,10.286019434842927,10.640541239465371,8.295071372555789,12.89871825176521,14.420714844447666,10.317186372469791,5.6235009363087158,6.1954902142484016,6.6994475160453391,7.1987324083993798,6.5587204218977035,9.1469747008616764,6.6577778068739235,9.2829383853404721,10.116881730589718,7.5550613051559452
17.898326155054271,13.881881277839092,12.933929851110321,16.181198597793959,15.426966210418655,16.624056014465232,15.288370536874631,14.460651405846036,14.610996998224074,14.808879321028058,15.055698096601127,13.875254437391476,15.437301519924304,9.4103711384108379,10.841837571158905,8.7743273364821306,12.607186605780718,14.591801828737282,11.631566801325953,9.2690453745359704,9.313774396441147,10.52013427327757,10.774791423477431,10.26392875391349,13.100343188476536,9.0045253701679542,13.13219485661979,14.193877555542478,8.505203687672136
17.950242026663595,15.432096499454246,14.147782121329264,17.190897090037126,15.44003783690021,16.0616027835908,15.756720344188267,14.945104195259916,15.297462673279291,15.473215329529026,15.593810777632122,11.852071253918083,13.602818016515094,8.439091171618692,8.7853171570569586,6.5974921775349031,11.150061590145143,12.652752402915524,9.7896750410719875,9.049744331382179,7.4361630925066535,8.0348486822750402,8.8151560625330987,8.2692705032088512,10.176654821267533,7.8899640786611798,10.86700674708915,11.371948273345104,9.1015597188991535
14.414701380774531,12.653898816854721,11.113294398004939,14.30546616905707,16.855892876377688,17.277028148922923,16.91298412793256,16.312475542096507,16.5857819044775,16.64417676705159,16.774569732192049,12.192348864799058,14.543168947092099,9.3329894500085615,10.721873046433878,8.8041592366823735,12.329869713198789,14.064034903967901,11.489665768207942,11.090429902377657,10.206341393580679,9.8071895208060624,11.434453796288075,10.735326691512476,10.283242047231049,10.342501005333567,10.602307108843014,10.936439147316207,11.461057629422122
14.780260926647728,13.977133229250583,12.455002274241416,15.415640743982806,17.049247937892325,17.652969494793247,16.819882303528708,16.101310081867354,15.711828639853231,16.040742611147017,16.174376134220502,13.919892242639634,15.984983724590634,10.39442081801166,11.59464648549281,10.090327406853767,13.718606478715863,15.415921663516649,12.448061518722803,12.908016999647856,11.804252618334793,12.72116329006343,13.202005611291405,12.595711563677654,14.991481901394735,11.847375371834055,15.284833157785577,15.986457530850629,11.947853938232399
15.126392199349716,12.023291839975307,10.5447186500923,14.890325117199374,19.153350285277739,19.255001889823596,19.766642558254183,18.650059904826179,18.827468648802792,19.351822631214269,19.413770978032929,13.59707464696482,15.575116072458059,9.1700479620369677,10.687419712632973,8.7608299639472946,12.957070210738806,14.936440316523424,11.759850603222219,8.2555231402441436,5.3050570761843048,5.8235910536680109,4.9332110722369151,4.7592174755160386,8.5072622769304616,5.195240647179233,9.4265776729525257,9.8041644393738139,5.8210016855052871
7.7121395666084496,4.3019530000452519,2.2632639304059836,6.3119792742314829,11.051431005248375,10.410651774348743,11.977029104574584,11.597667763417554,12.004420068325963,12.009072745380301,11.949971837754482,10.008362413795588,10.555612899318952,7.2525472299495064,5.2236418343897739,3.3342091434171337,8.1741887315740698,9.180542731278706,5.0688474811442745,3.521677777458855,3.3939108665087545,4.0381951110502072,3.0977260894246612,3.1584370047945782,6.209379834043034,3.4059220893002475,7.2321123971536991,7.6298369454261561,4.3649220613410193
7.6995322248668856,4.721635718973161,3.2102204901244775,6.9071774679535736,9.9392449829883134,9.6123264974505602,10.807646341491491,10.585192931355181,11.111648326804421,11.080382049265154,11.167922125750501,6.8030967060367686,8.7076971403479817,5.2948523492715083,4.6595549431448049,3.7655546704688447,6.5870772417914907,7.9774281547526442,5.1646253309882582,5.2878584473734023,4.6228298933218426,4.6618141875473498,5.2039981444116208,4.8696191923492833,5.6390351948597157,4.6975814367046311,6.6952202505485232,6.8506106237417299,6.2931771077330083
8.8658387635073339,7.1899579773655518,6.0127131388080528,8.267279982790491,11.344629059005534,11.481067306039165,11.967956945653199,11.288788620300011,11.785975577409388,11.959653192489711,12.059172099669233,10.047166359648742,11.699978024738968,8.2238423661269167,7.845893164771276,7.5530797346112806,9.7871729839211881,11.035080790179613,8.3086472860880463,8.2167247281127871,8.4213486487259672,8.5068836832180352,9.9113545921545807,9.1520552322336428,9.4727224466458608,8.6851751918621574,10.324663986678509,10.514153160872588,8.9109936870411772
11.975967560370023,9.5684933983614187,8.3371207927886246,10.300348881925004,12.37132046972846,12.977912983895422,12.008353246400688,11.82324841225747,11.869145068166112,11.769093609344011,11.959912288921402,11.777504450952691,13.284866363729044,9.7663122709843933,8.6424859042664366,7.8542100639504895,11.227673687594489,12.321578302509863,9.0075883948819708,8.9400350699355826,8.8029469531857814,8.9552818014958433,10.083276827287222,9.1475684514056539,10.546520679749911,9.0113763299881882,10.988075364791683,11.400213621656668,9.4838516039234619
12.819641923253094,11.835717571192362,10.490634484294581,11.875792511199322,15.512311509406459,16.023531815761494,15.375310433253865,14.990563194724238,15.097082381677431,15.041993850235656,15.201994951248786,13.253957409959746,15.320197315564634,9.3804632509476491,9.3249000402015341,8.4207827042670971,12.532695568703915,14.395364981084569,9.9546317333894194,9.3565962499168691,9.6804646550914484,10.5842410101979,10.364613302567079,9.9499455786110076,13.078025783289064,9.3083624402227727,13.353638629822818,14.17749733598545,9.1522625558034392
13.236240279652094,10.40711633479517,8.7158162626262694,11.564424890901208,15.310000384047946,15.739410683516788,15.288914612514006,14.440309501302842,14.233305456286779,14.571053799200989,14.75314309735284,11.951568696684554,13.502148128215879,8.5832327627667695,8.4807734477640508,6.5080066896046915,10.96058210795227,12.411982701072276,8.3145203232587761,4.142924616828175,5.6363371529924748,6.2359009108953387,6.7347563995093722,6.1022056435323435,8.5455757007162987,5.3228414167842004,8.9126088827682324,9.5858643572392026,5.5062982947432744
11.243464671966976,10.245315028772332,8.7115126408965367,11.118739781658284,13.410589213663066,12.770941925827152,13.936241304258623,13.640369569598896,13.576083096070491,13.730027776458378,13.898344571076109,11.776730705463244,14.36566249763402,11.302825797145942,11.797327078320087,11.21559538572334,13.090703834988865,14.301796914106042,10.581060261095296,4.2789030386273836,5.264134420825556,5.9564103073338686,5.8654157073976094,5.3502976099488322,8.6750991593797551,4.7466695326171902,8.5148705719753011,9.6641611942365344,4.4384029877992219
10.127809728664346,8.927436115174217,7.7523982272095608,9.3901436461244359,13.712804397289226,14.163854286583295,13.85499414961302,13.490156801220813,13.331120202022944,13.470273240511162,13.548266264646784,11.625915389996692,13.256164681782479,11.559985690202552,12.510410292950695,11.989671509469503,12.415383137618363,13.021733118817032,11.694370008679201,4.8768810675248062,1.0756580351722889,1.4114823908142569,0.96969766462897411,0.20929074672713455,5.3860783903038012,2.0709749597510623,5.5971432329348687,6.3920041725918963,2.8490843616626265
8.7782314114002418,6.0472684442267877,4.3419879973069229,8.2319526960878449,12.078863974330602,11.992943107654327,12.127553632528688,11.872598216711843,11.834155492044616,11.785744724553531,11.546732260576739,12.424209030056772,14.80572943055941,11.501334690872952,12.614623525617695,11.071529435559832,13.710946113511184,14.753306143569297,12.165840429600443,3.4626037843660384,-1.7107046477920491,-1.5669984566718043,-1.9563504630915958,-2.3934068233927306,1.1618519625410855,-1.0165084379257436,2.2122297670407249,2.3710166898014151,0.44052335088298378
5.0736868469765071,4.2950901450048633,2.4863258982319323,5.4166878426953815,7.4303349544523698,6.9714253760544409,7.9682701241082441,7.8450344914799857,8.3625561136235689,8.0503226301159074,7.961832728264703,12.106006680299686,13.93059877923092,9.2958403835747703,10.450552567952592,9.2485738868965939,11.766492162792936,13.422219325903498,9.0614444676088368,0.77976384481107885,-0.40621222352980624,-0.51402078517856609,-1.464599368282208,-1.4917764225066534,1.3454167137498416,-0.10367561149557503,2.398522855784023,2.5942916015475035,1.0861279361448624
5.5507474420281824,3.6051442364410775,2.0912909782431299,5.2659538537766863,7.0318389684066318,6.7885873248242987,7.5505666813340611,7.407608936975393,7.8904553782549129,7.703458841505757,7.7364723106722337,11.78978298041654,13.820181329993417,9.1321872815225049,9.8182247420871889,9.0281410564823048,12.019560584624493,13.289560472042332,7.3481923619880192,1.3911880925815865,1.5299346374456633,1.6175780474603059,0.4700684088818079,0.66029327354970491,3.2376980260039687,1.5123837768950921,4.0374695533560754,4.4466401891381793,2.0406027078431066
9.6921411274907356,4.833719766553024,3.1865090690044084,6.945946519677662,7.9983070538949761,7.6649509774059368,8.2531103243570669,7.9853854825541006,8.4679241836703127,8.2857276542406169,8.3553235102656132,13.259326112508077,14.526444068810186,9.3262666701360786,10.19930350776238,8.7370618475909652,12.190032439485002,13.542671901837494,9.9751135231090728,1.7147571248486599,1.4946936009448279,1.6407701469102633,0.90794952304898402,0.84968134240713056,3.3832092461746726,1.5872310163429972,4.1369668191818292,4.5314291830489069,2.4737836108631441
6.8978584603587265,4.4036337037661966,2.7675130926806872,5.8484876883492234,8.1173338880338335,7.9217769261758022,8.9383313946108629,9.1530561923858968,9.6757581186249908,9.3126023791618024,9.1070609631185135,8.2762660573851221,9.1553498154066446,7.8683314749633979,3.6616992474305405,2.6389358096731925,7.092640945787501,7.6964416353026692,2.713121306939037,0.24406925326087503,-0.035505703658429866,0.46186158672758637,-0.59022010356321175,-0.70216822318971595,2.8347322962144901,0.10759961735705303,4.0502847219271843,4.2700594861273302,0.5802094596402867
6.1489021857958903,4.2882017360923896,2.7900387634471713,5.615781283897384,6.9484384523665028,7.2264370704179939,7.4579099495178696,7.240706462389241,7.4979111099750568,7.3217273404470191,7.3494096061768488,8.9010635902134965,10.04608045213093,10.745486204988019,5.1994918687487512,6.9098974543115617,9.3900988539833747,9.0202175284242827,2.997492765183928,-0.34919149696604279,-0.026857079715817633,-0.010406669685430359,-0.5907582511400733,-0.79967644720387909,1.904534517564116,-0.064529166522355297,2.5892347560582607,2.9673570223735197,0.5916622194674872
10.563770002877767,6.7714783839647339,5.7886789793861766,8.5794849216770501,7.9401299726301389,7.4547401388624692,8.1546366057035371,8.0740345587918867,8.0940080011821962,7.9886913805953554,7.7740842187166876,13.634001328380215,15.4092010676925,11.982327675209085,11.539734407494088,10.634522937441432,13.906667748695874,14.631255483238164,10.129735376948283,1.1008015748659616,1.0640048251392784,1.2007360646297585,0.7810070778738023,0.76846167371486018,2.6803587727857874,0.67267773274749487,3.1341114499437666,3.7720917499883697,1.0833568443297068
9.5487613404702998,5.0191570645062527,3.4331105154730039,6.7361061783662848,7.4965409886983423,7.2226988613591914,8.5257196883494615,8.6618886064676843,9.4322002409277061,9.118272180981343,9.2067976140995285,6.9787907838311938,7.5615820472953743,8.0495215338537207,2.7592723515795328,2.6403655145767573,6.0595437925328781,5.9044501531315561,1.4641624053320328,-0.24684511487264871,1.2244227387278528,1.8319183323735615,1.4510707508011365,1.0822371063652412,4.3414788923155854,0.77169133190927397,4.5256889469798196,5.4474246495581511,0.8153322940072556
8.6576760509619604,4.8341482456575733,3.3841504448470303,6.8137816995720044,6.934317800466161,6.8932427087881294,7.6380868010106155,7.3637715076228645,7.7344257019638363,7.6924937969368088,7.6541248318015604,5.3639695389990081,6.6583264616781008,5.1787359102106549,2.6395665248794202,2.6453847814117637,5.2269089656079402,5.7541151507596524,1.4641328048025812,-0.87563692716016561,-1.7974701811465792,-1.5471590928515297,-1.9313307608853876,-2.2221084333295096,0.35050485112778773,-1.6336364443149662,1.36557673491847,1.6765027399770887,-0.71326616749708194
3.6872943870290769,2.0981898170449114,0.46830768517553167,3.2956363781114746,4.0866964040789,3.501470888198746,5.0426238717445528,5.1023480405401642,5.4369830699940067,5.2638187328737089,5.2819623515018321,2.2977758007111362,3.5545145420623143,1.8015955089080862,0.51658892082124197,-0.57396958107509732,2.0724679493238014,2.9286207711655834,0.19629922791099119,-0.34442126866315448,0.4354865561862411,1.0689660642501266,0.85133916122828168,0.6876011950117018,2.4195542906439513,0.21766259207023353,3.4978705014984257,3.8691578148222092,0.79318818580039618
5.6983130472912933,6.8663508294791384,4.9562553935556366,7.0956362518909657,7.8235856072109797,7.8063399250574435,8.3623447644315831,8.0885288561920916,8.2632862364189847,8.3083146037607563,8.4112494010287975,4.1547146609258121,6.1420917722274098,4.6524024148848895,3.5184042154191388,3.8468449774052829,5.3530360489425206,5.8402121535692828,3.290304285157255,1.6854491514454182,4.4731396984640241,4.7396037995962601,4.7085991894110393,4.7450252522029501,5.2526676159055157,3.7159387513684763,6.418047278566732,6.6516177688237264,3.4863573788090463
10.935286180680571,7.4646537915260609,6.261402371234162,8.6559657674497856,9.4979232360180177,9.7293742793942286,9.8264007097133117,9.492635777304578,9.5966418929659909,9.6553599900450635,9.7788732237140295,8.8550383813129301,9.9386081928285179,8.3339074425282504,7.3816508111340298,7.1647614367561374,8.9586814737428853,8.9542374301538743,5.5097473566559998,0.99954219094340147,3.3971775574493961,4.4646036424112339,5.0930843606660261,4.5116671199065053,6.1869626876984398,2.1900085895781345,6.2029708445148088,7.2668483314165826,1.9554254218238896
13.329185226996387,8.6396720544410712,7.6113305051293523,11.201975674234532,10.186691397355091,10.987176797764022,10.160474468184304,9.2635544395026841,9.4687698577986055,9.5977581088999315,9.7037284819812655,10.632556059379006,12.007237140310622,8.8010236613776698,7.9221118088114153,6.0686431421312577,10.439789098676542,10.931953592998006,5.7177512451542256,0.88227113236050769,2.0503530156005212,2.9414659116354684,3.278469179164766,2.6632095581214301,5.6567558295074605,1.7151234044942996,5.4827858394616484,6.6005265609183397,1.9956733518789704
8.3480243498836799,6.2285251398304453,4.6358947772189225,7.3792986537876288,9.0553225603942735,8.9986471627908813,9.7011183989465763,9.7215675312910363,10.308941103237899,10.115617694833951,10.25523555770279,3.7193219400514437,5.6249744333439935,2.0091348232469599,1.6880066947944528,0.2842276508939392,3.6584782142285519,5.0317428634200709,1.7255092953692355,0.80528717447748477,3.1329760290991828,3.8146822599289081,3.6113725369849732,3.3555691211118344,5.6693815569238808,2.5499296096399036,6.3273970016122192,6.8546443557640444,2.3198216192288967
7.0889621826729297,6.335642205597054,5.0106151891157538,6.6216661034086854,7.6598746949823706,7.2561071925860219,8.3867861624133653,8.582279670745514,9.1691817858032536,8.8859659687975494,9.0712749283228291,3.8367561109780723,6.2542421494502562,4.4210048242890849,3.3792217325233054,3.2007330945933106,5.2335913900517852,6.0361581347701545,3.0805476720883149,1.4236489885224017,1.8221960898092746,2.4296154160263015,1.9160729119728401,1.59050577175325,5.1825769938897608,1.563691931315546,5.4000932111119937,6.2775223275844851,2.042904528102774
8.7163259702673344,6.9832532433159855,5.5571916364547178,7.8624898130961896,7.8301314733279739,7.8006664750100398,8.5811219893237975,8.5606499792295736,9.3805124270287692,9.1586750455771977,9.407138262419025,2.5918627494105664,4.9024491554459928,4.3817044574323418,1.6520551401402699,1.2409464294335777,4.2139570838440292,4.7654498221316999,0.92171906631309497,-1.6262711217735912,-1.9657959985263744,-1.609897994254851,-1.4703501434532811,-2.113991934221346,1.202129722327328,-2.0059637832075481,1.0324869932538405,2.0530164240082271,-1.1929687564586402
11.068351518570736,7.2121382775467282,6.1963186823870728,10.357005770603138,8.5457481122063683,8.5709594590328066,8.9969655010391705,8.6840903236279487,8.4856533027352086,8.6766162873011581,8.5436211890014775,5.3314984101793428,6.9402478724172028,6.045957029278938,4.0025614969964423,4.3603837377751518,6.0986990489629278,6.5049155714722104,2.1546920399020593,-1.6070074744066858,-1.5147413780414496,-1.609112104078072,-1.9807862449423084,-2.2268768218025414,0.057462723322629472,-1.5955193740791316,0.75763522540508887,1.1964275623060772,-0.8813428225377038
11.559551508467081,6.3792433397836703,5.196493401746423,10.094730157749964,6.3386794251058518,6.3949902792760653,6.8418303577688135,6.3354774835595933,6.652466557392664,6.6135632299028231,6.6937660952187557,8.476217236786475,9.9295402897397267,8.2226903627841068,5.9716163177372295,6.3108824074823318,9.1882757741782015,9.2367154824181839,2.7296075824013144,-1.3694312805092537,-2.3313393281022812,-2.1621070582146018,-2.3729383830229125,-2.7846861778953169,0.16991098974793317,-2.2217435864422157,0.99123526529733397,1.3188480630931636,-1.1394251327311196
8.584941132187339,4.2619845090764201,2.5597827479706794,6.7226470095203013,6.030159536836365,6.1303066589766289,6.7149961248002796,6.5235815181236276,6.8917602936111066,6.7850983385972015,6.7993974727521476,7.6438616615931991,7.5761160530784935,6.3745956582827219,2.707533862484361,3.4278656744424865,6.4922638244628317,5.9518284795037673,0.36860700361307863,-1.6762505161245471,-1.0985694662967092,-0.80478081345804497,-0.74294227196729423,-1.0133700238198955,1.0670347976441121,-1.1325119353021194,1.683319690192036,2.1456271542507963,0.27991884082678098
7.441050401408198,5.4661575506398279,3.918799500683825,7.4535875985369557,8.9710860004921216,8.9450481327915199,9.6745955471257901,9.2124591425178011,9.6684546180559821,9.7790418067249689,9.9187960205048213,5.8225143087619031,6.5658850311953003,5.9751220989970903,2.7791508386982571,3.3125825233034831,5.5763371132769137,5.4929754708967309,1.9773034801991543,0.28693522359559864,1.2223641287847329,1.5996335888938731,0.52124497005647186,0.83003130271431758,3.4440721068195472,0.96808568081644353,4.5974188053704452,4.8314729915231851,1.8997644906427595
8.0465119093898991,7.1782822432770814,5.9927367725377252,8.427380877825172,8.8714863023388233,8.8979516690302134,9.2193454198910842,9.0631910248674004,9.1844631371554044,9.1609710339000472,9.1181286763560507,10.555840327075238,12.441546993194144,9.6854142607528075,8.5848096135215286,7.9076126017102339,11.419989905870708,11.6534415187934,6.6578623154486323,0.51169696134844855,0.38397739101816342,0.73502751517108322,0.44359077420394044,0.24475320252425092,2.6462713954128603,0.27139424455836547,3.2044148945388429,3.7940268483891373,1.2160939731707217
10.162279817300039,6.2730718500730589,4.5477880373585222,8.4146979124854582,6.8431524666703964,6.690230572313304,7.8050975306316985,7.8847822287916856,8.5891283852687295,8.3539814856503583,8.3508534795008202,8.6279085462952523,9.4255904428934869,9.0671433924616025,3.60991497987591,3.4305857933540906,8.1240346556312062,7.7146106712596847,1.845184564809891,-0.57058328279936887,0.73739583808461617,1.6552885870496326,1.6977102230423,1.248407884824978,4.3281400736085445,0.22485861961418152,4.3418090101971529,5.3635196074431306,0.6553072494971417
7.3433292107090864,4.9223048722333189,3.3219762334983471,6.5164270804526083,8.0499892010369649,8.0893537370299882,8.9046197695438991,8.8946611580754364,9.3935524031185622,9.2117426364980162,9.214810191319188,6.6430629568701463,7.1097434429222304,8.5944453709328172,2.4030874173051018,2.8111762210321061,6.0608212535723354,5.7219955441448249,1.0838627437805357,-0.69706275625308223,0.38198568877004391,1.0783473949291249,1.2540637659838652,0.73624226655917369,3.6922268686320763,-0.01242859996491319,3.7084627925794322,4.6795509179019206,0.5802435221684874
8.8050920662364831,5.122646201634673,3.9372938275514926,7.1315553664807112,6.8365520244129243,6.4683385628992269,7.5280048778078026,7.5762287734358864,8.322777308407538,7.9736664807836632,7.9215388136318694,10.767798621048193,11.953762528474279,10.273894161052539,5.8510790184346249,7.4091094205712409,10.699999054390453,10.461241250583271,3.4487432286532638,-0.38874419580764652,1.3678066213754363,2.2344488833408533,2.6397866091965838,2.1144852840686497,4.5815613678152758,0.55630015034336111,4.3228665943354443,5.5022215492268245,0.73209694306716955
11.050135229572028,6.3910664372877548,5.2532575116557396,9.2636238514578508,6.8073810528084095,6.6949233030100501,7.4441525747757709,7.6024594320986907,8.1004701551880913,7.7645795504402599,7.7480835450107577,11.422213796107592,12.145586951308474,10.81681139398264,6.8825992897017159,9.7851245511780576,10.913118899484388,10.550306812433753,4.1818587437532884,0.38370588298754171,1.2391994274396367,2.1231595152110785,2.0262327598551906,1.6042412437172828,4.8840277665711511,0.77100700440283276,4.7022082650781414,5.9274819754098402,0.8826319627319279
13.22059401791909,7.341501360857869,6.146613553859396,10.936534637710615,7.2894191506077775,7.1780004557897072,7.697395908694368,7.5933977777900239,7.9478093683226732,7.6603537395116774,7.579510728525257,11.947661506676582,12.974059702264803,10.564625493314857,8.7102499652272769,9.4223716127946702,11.583194487783999,11.722972647680173,6.4218512863457775,0.44440616533175614,0.22342320984299135,0.76164194735506641,0.35585337038671838,0.056109231292275297,3.2751260745014221,0.1561667215608864,3.6176807257069328,4.4445392146838643,1.1540987667117264
9.579090440942835,5.5002911312930109,3.9430627556787456,8.1621885803850347,7.4883387719221304,7.3622720723197688,8.258415838313006,8.5487731527689022,9.0482890707086838,8.7307577840382251,8.7478442560870207,8.4199365633654537,8.8227715772798874,8.9528763160106095,3.4914448678727936,3.0044868467011057,7.433616056631891,7.154645092201342,1.8806504098911674,-0.27965851057703617,0.94762792473223811,1.5453499066230236,1.0029795263640509,0.76597530397226166,4.1168578714238251,0.61572239729211731,4.5033666122157996,5.2084831903355777,1.0661247586046798
7.7827676666847339,6.0472789028537406,4.4401560414092884,7.4417863139125373,8.899244274439738,8.7874695603768345,9.8109147133609866,9.6977596860751589,10.298284479202451,10.184676312462877,10.253754528832786,6.3307840380046798,7.7580187665393083,6.0239292110710423,4.1310787382661474,3.9997621885824657,6.1750433816751453,7.0017329470694492,3.1980554757015938,0.23499822736423681,0.62196244310366922,1.1764816811163854,1.2147006031938119,0.60388546926262165,3.6681800596421681,0.44142079366890385,4.1084964750358637,4.7546981133530011,0.90538956165300277
8.756130641108399,6.9571075546893582,5.5873687375046188,8.6315603420088536,9.5649169017666438,9.3286527585161707,10.151566715662113,10.031364928307809,10.431274347617013,10.285966407231193,10.163781498911007,7.0217696249893606,8.9027276327841705,8.7027164841636875,3.9108540442239672,5.0007375341492448,8.0129054717135517,8.094422366135916,1.8326769540992771,-1.0527647191738154,-0.4446923034190533,0.054239914937326716,-0.28192622151248514,-0.61888792426926642,2.3856862689403755,-0.68795282615812425,2.8136776953385763,3.5275048460949776,0.021646241558570978
10.922204885430993,8.0193796124545429,6.6550572486273083,9.9351533487767654,9.4491897215153386,9.4094406125879146,9.8351004629017353,9.4562392910995499,9.3766492419002532,9.4469697145452969,9.2712292371840732,8.5912037182567644,10.80045043036975,9.7781862534835824,5.4995960090665719,7.1028196515150839,9.9399646064430627,9.9161335059566653,3.1259914446416133,-1.1524510990944066,-1.0878270416740037,-0.65138574450920572,-0.6171822200729622,-1.1007181059116888,1.8434105302682582,-1.1290505518076728,2.0978111121559664,2.8783901317202236,-0.11009855649990641
11.499940751013163,6.5784998269443733,5.5618320899325013,9.1390513020944866,7.2790300635966716,7.3132003901930744,8.3365629887700834,8.2174943468611374,8.6545506532259964,8.6135970308695775,8.6073919331095823,7.2909289121038086,8.1894818893006942,7.9781991910708214,2.2808232652201283,2.3206140252527945,6.5908968999666513,6.592869884950197,1.0748004642130056,0.91166230592442332,0.56395687656157634,0.85848364084122863,1.7288403939780679,1.4209361193927208,3.2165762302845025,0.30158856360179698,2.8785316284302098,4.0324804316430019,2.0224618452143304
13.07393407973418,8.3170147960748366,8.0936665647556936,11.802386316432099,11.397340367784359,11.189059959278467,11.833759135828927,11.897907736436053,12.059366171506412,11.999266033576838,11.956993333803752,9.4962235566612065,10.621725479930959,8.764958495121725,6.0632909469429777,7.4372195684808631,8.9950103628336748,9.3323309618914791,6.3468949591412311,4.0400750238165557,4.0651634393500942,3.9063732493047709,5.1808529756167658,4.7830512766721398,4.4812570226677408,4.160183391897128,5.4942986528642805,5.4650398873421722,4.9640228991639574
14.302178078657299,10.144323484866405,9.4557287120478861,13.367191046488188,14.417404663132693,14.491268534746219,14.256860900457426,13.706407631218681,13.364008623817405,13.557808933906152,13.425755944070595,10.938377717826192,12.130548651456657,8.8429580850055203,8.4146777712934551,8.7544483151136419,10.233103920554143,11.029529833029152,9.0946172483598957,6.9609311837204331,6.3931620053569347,6.5129059521551227,8.0097564119446716,7.1123047762459635,7.6799885837016504,6.3847121816716808,8.3191077533493853,8.543049258321382,7.52877145068706
14.179091220291674,13.714125263308482,12.84776490945724,15.317846056994313,15.942797398222119,16.061363777580468,15.950621931625122,15.084945731544138,15.020079818605353,15.184474623138449,15.189819137672593,12.481855523157556,13.983466906889426,9.8731619820099326,10.465063813307246,10.699705923821377,12.472498372644822,13.336522855411097,11.047845528475548,9.5650658066074854,7.5944887591299235,8.7600928616593734,9.9359395138961588,8.9859404629043738,11.528555853230898,7.8072414868971833,11.916177247013955,12.718401043131045,7.4251501289772435
15.263679468204778,13.847245966161793,13.501977681466258,15.108297382918771,17.135620487430458,17.003216501866028,17.614620564456651,17.049589741863151,17.247291841176448,17.249579192701745,17.441787274690064,12.464470937732059,13.452656031602118,9.77634795937891,10.280214115313662,10.535282515133055,11.283254212355111,12.601248306435075,11.400648552789377,11.333716024595248,11.174985047316056,11.336537358134549,12.847295006009482,11.990509177659696,12.95199701659584,11.180569644387973,13.365637419681612,13.797845720151777,11.005385811271012
16.234316499141137,14.324533187470415,13.652663340907374,15.796043773682314,16.888810028401828,16.309156991472854,17.793362367318991,17.465398895884341,18.064726990985932,17.93833156003339,17.998810536312739,13.399865742129933,14.578111319584288,10.546192301115298,11.357531522292135,11.054369635579654,12.697780426078126,13.835546347728567,11.938247279119238,12.481697146737382,12.854087135476462,12.884640329212289,12.731863160704492,12.785331408473297,13.71105127459203,12.99473066306016,15.197624203063789,15.103303127099359,13.319945660736209
17.119700603357181,16.324675663526719,15.01610321476484,17.389244405441879,16.805787014381423,16.839252410620183,17.335206963255636,16.540526248972014,16.637334916556064,16.832353776147485,17.150880701042411,13.84075832224098,14.653085693984345,10.562500354047003,11.803122767101392,11.588626484895165,12.347209092002501,13.947134191062453,12.724653404709784,12.670143863271711,13.783855741652758,13.419570356675223,13.37512515035823,13.44375297640304,14.30698097132985,13.762824737112076,15.415771470499102,15.502276980792246,13.804959384792099
18.119385479635881,17.063695379660238,15.960829786263581,17.750291683374094,18.568303295443087,18.658355635951708,18.873955729128809,18.550164850268978,18.224386293632229,18.258475843669828,18.290958039532732,15.168758118456473,16.135073913054327,12.201352529121344,12.794902810417028,12.990074713580256,13.928399385463457,15.189471863145762,13.746159212461123,13.12015752905674,14.813092495184762,14.40895846466438,14.712483876315389,14.593877207100753,15.11806615822897,14.579094554075468,15.952956000122441,16.200738410033026,14.650831288455521
19.332571660110034,17.903195895849166,16.598970354863134,19.199852183941907,20.609072696737201,20.313208178010726,21.152032481776828,20.663513022165979,20.701031898088175,20.937597944193875,21.136062954783831,16.637295001718961,17.600185549313807,13.593943725826286,14.981301883128005,14.166360294149939,15.648009729906171,17.026798533776471,16.087467362560119,14.92750240666571,14.974680411003391,14.968671164930093,15.084203266774502,14.835490592974836,16.685147290527851,14.78972146372935,17.242752466607186,17.637191149102755,14.24403260036037
18.60514054964375,13.933471298835698,12.375732443278906,17.588056081824156,21.843408922161565,20.970353898563303,22.176780969087375,21.617995017273671,21.56295370515921,21.876775667169838,21.678204028346485,15.28420916381031,16.125150545301679,11.479457039827736,12.601124922552216,11.842505814675071,13.869462419837951,15.276746735150894,13.595801798669896,11.823301912592797,8.9760583320319256,9.0248300189822572,7.2785963898265109,7.4138951197568304,10.965692174441337,9.527188324505282,12.669497277182778,12.430540937362039,10.524250902447903
11.099367323034322,7.4090331021989755,5.5243741190352154,9.6532575212250791,13.628082521091365,12.790606777893949,14.312041810057963,14.423991438235895,14.689272132553207,14.374248348713962,14.112142183374836,14.400098866920182,15.809779143219309,10.897607896704002,11.44019410871897,10.474877262725094,13.3303213403575,14.90744870100535,11.272586766789082,6.6591232732527601,3.7318048642418091,4.2450290849034786,3.3583932523069109,3.2134184177284837,6.5797930436238374,3.9369305391361777,7.7339429936672133,7.9402600306934659,5.265580454489843
11.230283647759244,7.4822561584705269,6.2134335255729241,9.2870040600086696,8.7918615704200107,8.1109762641824119,9.4546275407582172,9.3689023872746802,10.014722402972957,9.7429667655623433,9.731408955221525,12.934033544654518,15.018608617417875,11.942167665507483,12.07102005452149,10.415837327063322,13.721050436020924,14.726700536092821,11.454651683221613,3.2068451012032853,1.8450448021998795,1.9902426178552446,1.7614524319247238,1.3875441862261724,4.015834012988222,2.019690572847658,4.742131484793525,5.1782330212032406,3.0652331209891059
7.8621688218309274,5.2648464978411127,3.7821671991571151,6.6427932692456864,9.4099914504094286,9.1951246585182105,10.388609098933529,10.551292761790492,11.066555435357763,10.817021435276772,10.875129777779428,11.074012734395097,11.424144447652488,10.463160613483012,6.6816652931574723,5.7858488807603266,9.9130722366725266,9.730027702606499,5.2538971562639674,3.8391982923628944,4.4763932982264905,5.0021057721361899,4.5955243515421316,4.4442881034365129,7.3140379654421181,4.3499638470688211,7.4941096139473586,8.2977079869807184,5.0009082296215084
8.4083467152341598,8.3752563636571793,6.8690340326751951,9.1384942841672441,8.9224871398736383,8.5043957148034508,9.8570211002716377,9.9340685049237791,10.636072178103639,10.31465561171202,10.409518417889615,6.7570234447634618,8.5933146664362354,7.1827281144403443,4.9249314212420856,4.5160835323723987,7.1677517590105211,7.9632810014805031,4.3690928933170667,2.5577969468091268,4.2667335630169063,4.7185974425825847,4.7173003704667451,4.4339161560511897,6.7655871640112437,3.6775859105044972,6.8782274389009714,7.768227809861493,4.063143981009155
6.3057249265104502,5.0497527513193745,3.4954847909976863,5.6886687918055117,8.0307271763303234,8.0851452952364795,8.2193157678141375,8.0353869047173276,8.3409430829222089,8.1698522994897829,8.148874530075858,13.751663609012752,15.704202092050686,12.544107265455089,13.0840263827466,12.549098397760119,14.377022798778597,15.107975743721703,11.34891177575745,0.71716826413984336,2.2168701016533348,2.2260637246435664,2.0737862623286887,1.9531663919142659,3.6790018367055524,1.849103890325928,4.1384220942492576,4.8085495025941469,2.8676766535593785
8.0485216504319936,6.5819004502421166,5.1789488150126104,7.5126405035320616,9.7057085605269506,9.4208527170269321,9.6228783118927481,9.7600132600378799,10.121077029290852,9.8351185004670896,9.8429791718056592,16.067944807075484,16.91809549986305,13.17361240846455,14.213908063650543,13.548407760249823,15.159221433754439,16.151191794240262,12.721443791723075,2.394406602217849,4.2385600407004844,4.355312684648986,3.8754874588650239,3.8462063054735864,5.8789913284789037,3.8918149349633708,6.3184240404249294,7.0078541531653258,4.770373928760975
9.932001963822934,8.8433283118675092,7.2340651715740805,9.8261991271535507,11.325655257176948,11.367104959705166,11.986103602453902,12.284331690877934,12.983660509842288,12.675525274487121,12.86535020118184,17.545476093261549,19.277067897432786,14.981547591081373,13.464804348466437,12.889755160817764,17.242698767422652,17.896180365089357,9.3241359543161622,4.4020626727138037,8.0229468183240868,8.3550164152206889,8.4906014940877625,7.9785833030188584,10.23466782082906,7.88360136434477,10.653706018694201,11.271731985854203,7.1616612046169195
8.7431900220087257,7.5460893699019778,6.1518447733001409,8.6141062427489317,12.234280543062525,11.686860868064812,12.623908859056897,13.098060948259004,13.857803718604828,13.332443671675854,13.357612035709458,16.275289329428936,18.427495039799645,14.358309062363034,14.384487920214042,12.381245124524526,16.950577258979877,17.808616866116502,12.697984213097563,5.4148089399228425,4.4298353125616359,5.3678104504011444,5.9951026537247145,4.8690809440221585,8.8474289917655327,4.425174080708949,8.4268715365148879,9.7425535351281027,5.3677470955492979
8.8680984798596754,8.7191263602023739,7.117052302568375,9.4839146490457935,10.899795629607596,10.893379255488377,11.210364442784346,11.364110660119238,11.947116210819893,11.500004165834667,11.567469801700369,14.522721489915277,15.955240488131224,11.701503595407878,12.309254829562342,10.852238622023407,14.148441162622113,15.279458654063646,10.169873066164804,4.0435622337447725,6.1710679579450982,6.6752963039819946,6.2036731759988442,6.0115249419843053,8.8049485831809378,5.758225184637574,8.9532343177396854,9.8306585334059804,5.7341381068786035
12.975780159869188,12.62608939594687,10.967876923326259,13.154065614268859,13.754959186727675,13.431838475988364,14.459182289356526,14.143668088628615,14.49102471461898,14.500380048751438,14.592868445838185,14.347737369206463,16.182482499693656,11.71128061278516,12.017087916636463,11.645044155432075,14.167621357183165,15.380229830747936,10.223473198310714,4.8808584412670655,6.9238276907977223,7.8005361655440666,7.9764750216761158,7.5013213601982116,10.280158275860281,6.211326335796258,10.016691425551883,11.223020885996149,5.9846205603325089
14.403407711868184,13.388337648022727,12.110191062684429,13.531307914592688,14.181681243849248,13.757057381668233,14.55435213889821,14.415108285136256,14.692548679911141,14.518832356551272,14.503886560832626,17.163650663551252,18.516316222746369,14.162485370331588,14.63646722250774,13.666794399597883,16.571656816714842,17.573809954183062,13.743576876146633,7.8027802427708366,7.6979559982093804,8.4474344800109833,10.083652167879265,8.9758583571966852,11.087449377444884,7.1914518420711602,10.160650318520233,11.727210086858797,7.1945407495310647
14.720597494198643,12.034398920360609,11.049616065389436,12.986887840254155,15.236100883447264,15.18845334870732,15.34214209921236,15.559684686829812,15.878516029580197,15.563640359717219,15.385813592852557,17.940255615900803,19.458067930575389,14.957982015538725,16.043646289898859,15.211497629871822,17.638166360419888,18.713196891185902,15.48533892580123,8.3404572530632137,8.2304924800577268,9.0750602604262056,9.3583017195194742,8.7089295804604347,11.290573028117741,7.9043564449582817,11.682604036091114,12.467413897559972,8.1332898385749886
16.40063629085514,13.168974167770024,12.097287258412884,14.90812005553191,14.906926893594211,14.963346788683296,14.919662878419068,14.878389095820971,15.188777353560731,15.024203850859223,15.07496811724797,15.459252843841476,17.501672887996541,13.231410006134325,13.128267595933679,12.154195818769495,15.850517020474967,16.772782955597044,11.868143209328046,8.0811751974669406,10.364827385978174,10.701965705581024,11.038588965970774,10.790050299116814,11.881431458112658,9.7895355598692646,12.417342718100535,13.000492652065056,9.6595547981949892
18.817376160879249,15.505675040767748,14.572176952333649,18.424185783990197,17.837823910989634,18.245808289539006,17.079078523063124,16.765220895704346,16.598407987426747,16.362373442744733,16.336597193546247,16.616027562914276,17.742941460318562,12.831436918477394,14.229079058593882,13.778632228237669,15.479054934667161,16.955034235386762,14.744554070571361,13.335679814001132,14.023781305058002,13.806122073154071,13.950180266623008,13.865096125956036,14.436411401096947,13.878304019095864,15.571633037209338,15.767063766642138,13.89841757392896
19.261637251466382,20.087718184513804,18.639209709737756,21.012625079017511,19.291917646151802,19.441057076757097,19.320258901448,19.095815574904464,18.91352290258488,18.770509509997872,18.888729879538502,17.415732939823087,18.640000712130899,14.18390417389822,15.202828868920818,14.998395611310023,16.708012198471373,17.898673085680201,16.451964871717749,17.2195104144499,17.599336012918755,17.227974025359707,16.830154717540481,17.12723063161981,17.705743275066688,17.329075849379464,18.910648524212355,19.011407660899117,17.761136414370448
19.974201407842592,18.806852738773607,17.186211132006235,18.977290378810046,19.773641206908309,19.33968032102819,19.833621171180603,19.387140710451561,19.463324991052673,19.351032735837663,19.506265883365735,16.563143789011839,18.755750072381609,14.556384139598713,15.88020498469136,14.884666412041099,17.127349706693913,18.383105996217282,16.952327328467753,17.341219682110108,18.39645057024854,18.080937733114176,18.234974294116583,18.261732638424085,18.621558630832439,17.983815432499476,19.542687044246222,19.734439770945421,18.649818717033163
20.419645605318145,19.946239711871421,18.735922660471253,20.161254755388526,20.781866453225057,20.680227936148526,21.620512456330545,21.489720739008753,22.268916285320969,21.989112989350218,21.918273299097898,17.504154615445209,18.887001521888195,14.774546372458524,16.207573328494632,14.976894109001883,17.134706885023057,18.375954722761847,17.287819070993791,18.911443642724443,19.490544244592719,19.386624871977055,19.814896096591653,19.743173282398416,20.225814084204735,19.015517944424801,20.435017916768466,21.233900789343302,19.762524412946945
21.113952148821546,19.220527125964225,17.775178864993237,19.620027626122457,20.392685938216353,19.838108826393551,21.491988038137031,21.074731524191009,22.056835371092482,21.905210068131012,22.264260721398962,18.694907126791449,19.568987276540518,14.531458605478775,15.545324191674567,14.493975313073705,16.975957223349035,18.66717024640139,16.537044982917898,19.430822996980979,16.9181444725821,17.810700939316192,16.729612378956652,16.511751281569509,20.837354229560248,17.324049996241612,21.341836480033166,22.171438623926889,18.180851104792588
18.042137446168269,10.885136809139759,9.1524683871768673,14.643008592471304,16.887176253468503,15.774752533827332,17.535391168014868,17.702114758223722,18.424027925795748,18.021374070497743,18.337401412627621,17.361369018398889,18.662817830669091,14.860433766907896,14.679102798794545,13.746835234477672,17.041574160526842,17.918053875647175,14.212445509515881,12.131895937725496,9.7543351678594092,9.3981333179391342,7.5726442756299122,7.6307658968973229,11.510971935943004,11.064584427978197,13.289639467674689,12.92000324144643,12.402331332734896
14.499921869246847,12.852737894068881,11.527008321164118,14.193462492728031,16.36109926831567,14.471021192809175,16.457674809726015,16.85805929198149,16.896838155131093,16.75714470380511,16.389467608727934,16.072336164918674,17.812956989830838,15.640846791608489,15.831649039843562,16.094083999165122,16.831255536041773,17.465809725109317,15.31483942974458,11.236176182382181,6.4723461429009888,6.3092755434479457,5.2288860284439878,5.2096787107207447,8.4978606666864707,7.0784588649934008,9.4843856289257076,9.7166613507044914,8.4969315958427103
14.659269801996004,9.7727231958887799,8.3478750258665215,12.786686874275794,11.637069174093988,11.124800812246541,12.12699342365628,12.51816885076537,13.021355094068369,12.52749879513668,12.49862131292236,15.269663904701908,17.007547400503412,14.630058427901908,11.514451447934007,10.116095494981465,15.324364639852448,15.867328423167194,10.236219142284376,7.4895566924457029,6.7450552376881703,7.010554070424206,6.156463093086785,6.089892434050185,9.329316267405396,7.1464881013339294,10.304694195061259,10.623656133081454,8.0296761876162037
14.334806032368803,10.362764722040737,9.2021199340560784,12.534446126475856,10.061618986201786,9.783995077697746,10.220009482068761,10.218529300445745,10.849789284893127,10.494412514636778,10.500758633918416,14.992246914622363,17.461494196987793,15.895122762835896,16.064889133203543,15.97239194743176,17.370041279432215,17.504382483839144,14.75640106766361,7.8467456652247876,4.0919923974864005,4.3707456094245316,3.8010661419583656,3.6883631075837187,6.3954480769890694,3.9881760633318919,6.7457422976332424,7.5561726729715275,4.9416174447180552
16.409976465327524,14.613099050380328,13.971185303317249,17.113617190250913,13.129668593112918,13.508087432838515,11.852133545354675,12.500443661568312,11.900442690057197,11.54150766151924,11.249621779798076,17.766583172570364,19.951147318129664,16.915731745783134,17.364543249027392,16.484320432924804,18.960289106699122,19.692515406343418,16.509603103758984,6.7185579175923635,5.4334793371939014,5.3908317061094735,5.3339538643641902,5.0156620721869061,7.0136913126469196,5.512027226649316,7.4904921208881348,8.0636339138742272,6.1485794126778544
18.659510787837725,14.034571434434461,12.518766308495486,16.393214507273711,15.593464668904758,15.759529243791086,14.944335740074322,15.379721445689071,15.495444881514636,14.926390152103345,14.913149458719595,18.421411806953863,19.277582656548091,15.670384647514972,15.294532851573742,13.835548477832091,17.512757380996042,18.271349828360385,13.892929940499464,7.7567024455391191,9.1011523524197528,9.6617476239854696,9.7589407367720398,9.3611679396762,11.915678844890614,9.1261633404514768,12.148708729254629,12.936090096881635,9.5078456815215233
14.12533275132887,10.793950415557426,9.304414660162827,12.717327676464663,13.528319900762718,13.264159722914343,14.488730938710624,14.619760633538924,15.283753450571034,14.974029492838049,15.128414638865451,12.254806219815677,13.71117959115589,11.588365422925861,9.4888738196244304,8.0598429172415464,12.407317157573416,13.052949970276039,8.8955938904188727,8.0940027220975779,9.2290898152794085,10.495544789476476,10.527041190598965,10.065491001438922,12.914707083994223,8.4762217003909228,12.902453452197705,13.974855806664195,8.6509757518787893
14.153387454782404,11.583495628059616,10.310930965208478,11.883187877005376,12.966254638549167,12.520295907231436,13.707588502470934,13.57053018726522,13.99195479487306,13.789315600210323,13.730184261654784,10.386970952395579,12.827028404327947,12.620018815905482,9.9074788627456556,9.252249328474349,12.279400627553912,12.673698676455174,8.9830363246246137,7.3828935468456152,11.393418120838852,11.965180041676106,11.664586668370639,11.491603030951282,13.888450484524711,10.991183019432697,14.320902291953558,15.17832965518086,10.157066336786031
11.439470209074486,10.916305501038629,9.4147705621535707,11.514555185087545,11.437172501299074,11.595651452531627,11.905735634178328,11.867009146384248,12.202292830170286,12.012973840124232,12.070843861833374,13.863669516252074,15.23802294028863,14.340286950119598,10.389334151858179,8.4549814710556888,14.028135394491407,14.036923105893692,9.0042581667914092,7.6075968013363067,8.27178921798739,8.6507921755795962,8.5608448890801014,8.1867111087587077,10.584377791942863,8.1832625256247695,11.210748763604826,11.725978656285704,8.6352236813880623
13.196580999900554,11.309196854823163,10.201848439263671,12.46651329124429,12.6396289351108,12.335506211069408,13.197518964789985,13.085123373980458,13.368881759526879,13.198414280227851,13.218863106967206,13.250193425269359,15.623468749829158,14.912063309512611,11.546567453903435,11.223079547081255,14.663263247526181,15.200079809114769,10.199873484811697,6.2943338295364839,6.2125120885700653,6.6159669725415213,6.7879855129534619,6.3299003441675836,8.7511358046461254,5.8943580197803556,8.9360781649953864,9.7536829094469226,6.2995091681655779
12.850952591063141,10.570782538766295,9.2050085013599201,12.187152266510026,12.299760123530504,11.964969994952412,12.78033862807937,12.65502618643859,13.206352745481233,12.986206251691335,12.96738227036046,15.425205490603787,17.432581969523397,14.98938231384485,13.479845328709359,12.944448208441536,16.165985650252921,16.838921014854897,10.918713039893035,5.6652263777136653,7.3110943191825584,7.7705054835756187,7.870219902411435,7.5290334805267491,9.7287183093437619,6.9015792629069992,9.6862123479250641,10.692600495281418,7.3612871211176625
15.914052073536816,12.358596124467013,11.105629514615813,13.477044212757008,13.78476208746212,13.806705023871856,14.192209301593657,13.892561423787214,14.255423563827954,14.150943693587045,14.124298004920348,16.476765271735424,18.625678003310604,16.081113618856776,15.486863792746206,15.242493867360814,17.51308432552559,18.081753422690042,13.559376212682061,7.8034879176534631,10.429404674544323,10.928258519603894,12.112782069521089,11.515245288226247,12.133174297129401,9.5837368324879222,12.251055461488953,13.169653480794224,9.5068144919883366
20.155215964357289,15.411380105487169,14.349806929982115,18.095687832711867,19.228795643349322,18.365493016023187,19.247273589218644,19.258100698012022,18.914300801076131,18.823071648605641,18.361842002757705,17.644791551880623,19.570238117431124,16.390400993830433,17.461301847492457,15.823713809367099,18.57942784918216,19.536002606205415,17.521373967479121,15.997517749406093,12.949382118744559,12.474124787658873,13.068202854539692,12.715151746997108,13.541751388180884,14.030619169553702,14.696204702740339,14.793000924180753,15.362440260640412
20.995091158018319,18.881846626177129,17.849496778406419,20.076443372840984,19.851300884285905,19.722166335169,20.005590132672523,19.52310261974808,19.418885285133292,19.532330727074495,19.466968698306857,18.122866751486484,20.464712408540969,17.779438210759992,17.548700294150898,16.164881654540594,19.554390871364461,20.303327428931119,17.238101169994103,12.859810663248176,12.41443997506066,13.434122867092121,13.821646252958949,13.060835549602423,16.09610984156965,12.385396837698025,16.389255061478323,17.217149895735098,12.61001957233524
12.479689023108207,8.7953723276127178,6.9928153991503308,10.802423432165689,11.780130187858987,11.631495122656602,12.177379945601238,11.927733108567409,12.132202324484197,12.128013068004456,12.040055920660379,6.5842115092389619,8.0285844281388989,5.0641322599260832,4.3029567183686552,2.1219229112284381,6.578695858778417,7.5976688423478365,4.3126108642724503,3.1091663846980211,3.1483216201715791,3.7695788816316949,4.2699476078756291,3.7558170648007874,6.1601482103255023,3.0094429773003526,6.0518941533495507,7.0272520481333558,4.2558042034013255
12.182339554169033,8.4597168189445071,7.3005848364512929,10.80181468125496,6.8681093119762977,6.6915132212232038,7.6685749156297405,7.3624333445401859,7.6119275879313619,7.5728932805034361,7.6434401064121715,3.389579603612944,5.4232107187143654,3.7942879061301582,3.4592892972153209,3.8487994507405716,4.7500218397444414,5.3344622840699358,2.8323913067475175,3.6124935258567632,5.6723900156530007,5.9185287433667781,6.2926353499003369,5.953553258022076,7.1511104106803884,5.4309244552899685,7.4905436713808839,8.1668891490765247,6.2840879551199151
13.438252017850125,8.5210268565636511,7.7509003825975782,10.807463527399122,7.0601742372797034,7.0868572037253941,7.8468354162584077,7.7334672923646721,8.0747648198366804,7.9667351299558646,8.0687808797567655,4.2485178821630925,5.8174709630381471,3.9581102150642806,4.2499194772735223,4.314933056516054,5.1040227892827517,5.6487795452638281,4.1570939274470433,3.8595726419408578,5.4937270537799208,5.257802434820853,5.4578316944598129,5.3261512919295271,6.2364709326687588,5.0198273462642646,6.7393918937421304,7.2284807383465122,5.7992702458851184
10.823152949292641,9.3876761736100818,7.8837424088830304,9.8249621851849511,9.3311501269623847,9.2637955456834149,9.6723277689134264,9.6806542396790576,9.9170262536092082,9.7272224780318339,9.7266029777261664,10.402031503362892,11.940262534959039,9.0312759981086899,9.6536775447349825,9.3979969557845067,10.900442916596582,11.678360630953165,9.8290289687093448,9.0353867108171215,8.8796647128184958,8.4373641192259967,8.3612357578525618,8.4429068151448803,9.1859886252150886,8.6776377191552427,10.593508661740152,10.463059693826807,9.2930120233324729
13.445098287651312,13.219127664225674,11.735399219191926,13.832940189525353,15.937914971546455,15.993700046806296,16.035441359571017,15.299415921864657,15.583907359722517,15.54674679589327,15.300327924545968,14.034056231263072,15.27867389016329,12.475991366939873,12.943574469162314,12.769344644666631,14.046498080967588,14.80809392730287,13.661956145486428,15.263508844169536,11.319561370226829,10.730814344618437,10.304366179252469,10.217772471031722,11.925435867245127,12.030406939089289,13.822476982873809,13.376536907204191,13.004584802857885
17.969243025311535,17.592453949206288,16.566665525864025,18.399287623968917,18.752615010184535,18.441733742650307,19.417491818586456,18.901972387400356,19.706867693581053,19.540431118268927,19.465453212017465,17.703519848378605,18.235652423497513,15.435538731209931,15.833622603875092,15.378449955728001,16.82088929482768,17.542224373721417,16.969617471618037,18.183823307575359,15.304804410044973,15.80850393221084,15.708736984156957,15.426198602373383,18.259427361007695,15.416694850073775,18.942650053206251,19.520574814933568,16.051717493802926
21.235693943433468,17.815401435191916,16.093614951184648,20.094181479804959,23.43574477974208,23.26719510824541,23.71687509514566,23.153864281424475,22.813129780050105,23.026326820962517,22.753152955934262,19.806031626207265,21.642653812876844,17.209010132578634,17.468084746628364,15.010426245820433,19.829167202377718,21.000255387194308,17.759225251277357,7.8090725471388964,6.8652931959682562,8.362281145426266,8.1092608061014033,7.8072639074132866,11.493160946416474,6.5125196075819289,11.447640403467602,12.626212361128296,7.0761892945105913
12.456487115441917,10.302824106655088,8.6094274170733343,12.000351791971042,15.245216616037233,14.354235476814168,16.249421378532169,16.515201707486767,16.427980569243019,16.364667432257662,16.151782889287503,13.041760837282972,12.736047158051768,12.662279913344527,6.6015684391908351,4.3773273751744028,10.755386817461208,10.934517466766827,5.78632335868555,3.7059087759607579,4.1270622522851923,5.0879392500121838,4.8245155024095681,4.3970574146698951,8.0964897277982075,3.9127362018258793,8.2634427228306748,9.1882236508247317,4.6374461931011624
12.333555182796147,10.510366561247281,9.1482206343363828,12.334564633020001,12.491869744119363,12.068753847428198,13.228098780068891,13.152179321536693,13.517031015032074,13.320819343147733,13.299666374429613,11.975152869485733,13.298717190431368,14.030663423916074,9.3109808560227236,9.5526340826064455,12.07358009633829,12.290315402109059,8.3764258125462376,4.083182419468379,4.5062506389613333,5.116273632855993,4.4557677672026443,4.3254022831942009,7.3191263580985364,4.274647042450674,7.9360878974557139,8.5423279062076389,4.6014853248352026
12.486970190759209,9.8552150227479487,8.3965671201354866,11.268154835632579,11.197944851170902,11.007165900289664,12.435764488396252,12.214194867128263,12.949969623485984,12.860789924107081,12.914932685022073,8.7766456888771174,9.636588831447547,10.083248516327529,5.2307096525134753,3.7546088926068393,8.1393536718025032,8.4107274074146758,4.6078634272100416,3.4962238745302088,4.3659682471328125,5.5149769266193829,6.1039576878675632,5.3693885052474641,8.7629118537006221,4.2082542718744094,8.4013648864094534,9.6477745917063871,4.7718558660081314
15.761599415765815,12.584979629388535,11.415221374993408,14.007953100837753,12.721602840321459,12.610787078185027,13.85166166353342,13.843909538201444,14.290054117575579,14.25620346408779,14.262353368864801,6.5836592274814549,8.2958724524445202,5.5400638459596081,4.3257389834782671,3.2568760199401012,6.476385206134033,7.5053824411896883,4.2659666568924735,3.8306438200611979,5.4059005755472853,6.2975845219646374,6.5642222513368793,5.9798092417843094,8.9357422323729665,4.9481839077280938,8.8650741102652617,9.9109826671163859,4.9339185022467547
13.072175326907697,9.5542032297381922,8.2686137899488159,11.801407434870505,12.050898540093442,11.928049136645363,12.951350891136705,12.604932986340998,12.657691843394147,12.716419027979313,12.592489132796914,5.8634018705036581,7.0689436787071855,4.6783128474318474,3.724716873727715,3.0536444881727931,5.3798054451097101,6.1845346406120214,3.7172533142021322,3.1380272405596372,4.4163230527521691,4.5067000109504818,4.6046973954346342,4.3253309442871952,6.5256502733514878,4.3780771915213421,7.0916500383796048,7.5963875945665293,5.0461208703084139
11.310897173073222,9.5138550142744975,8.2139338769873049,10.922674879724291,11.016661486562867,11.043481493566127,12.030617151765775,11.79428359693663,12.150659006149404,12.160409540502144,12.355475989783457,6.0635426836825346,7.8527799556549809,6.1338960207074251,5.8081384321775147,6.152642161482774,6.9090036364389817,7.5811478635896918,5.690367110037954,6.6642066668748399,8.7553954879800813,8.672062856510891,9.1485714090023009,9.043269433526099,9.6076111304418887,8.4199960144856263,10.287515096121403,10.791788750964997,8.9575081986002871
16.231505141384176,14.264655378343107,12.882624298018072,15.466551165429827,14.344561928097221,14.342489755317061,15.605496876830024,15.421088488769449,16.381404098166328,16.129779578846247,16.273116005644418,10.289624269983698,12.076298206875471,7.6437850406300782,8.7700464126927073,8.4921636384352581,10.150116093449022,11.486221533894479,9.1264927910508504,9.4246651622422704,11.860314792114046,12.079438097220908,12.487417019334153,12.548218473063912,12.294912172395058,11.528145863402543,13.392952360661205,13.674306881255731,11.211906270234223
16.628667780022688,15.063696244155743,13.735227726161412,16.147554436543622,15.603249052013915,16.281926790847422,16.377108542599039,15.784673442715039,16.171804507067549,16.396202158479696,16.733571584049123,9.2100826890594121,11.409904009810028,8.8936172365259694,9.5235483214032186,9.0672557011523693,10.62042207616296,11.361841527517043,9.6436967857961875,11.351836243928105,14.177030103944873,14.497385536530082,14.744077556281418,14.589887753069739,15.237633481452725,13.808494660923991,16.119128123990869,16.425356014521554,13.925375332628342
16.202528832854519,13.599241988825419,12.842505465344523,15.048956544222769,14.962216333289938,14.701004625999083,15.924508181841951,15.686196354498009,15.874833018380471,16.034645321037139,16.251149367911495,10.317792315030914,12.477891720037121,9.7008932350377037,10.15531289238799,9.6355782518337705,11.309424304435097,12.30163032293904,10.415978514175393,9.4820329334880853,10.9157358379098,11.480795486038971,11.897768001311839,11.576465001101276,12.961027709331212,10.284420328453848,13.409737546191046,13.992597689265253,10.813183915690303
19.007931358815156,16.904796109799037,16.280595433277533,18.481010302660714,17.248723428093676,16.938362290589154,18.35686038697817,17.997263853560554,18.484165854060223,18.613279954729691,18.891124626839471,12.869975083546379,14.75574669659111,12.328013460182376,12.094125614124636,11.78902057116678,13.799028272684211,14.638001693557143,12.597006977108727,13.788182305332874,12.521208280428546,12.859099241197363,12.826426057934363,12.510041614732835,14.592458127672103,12.627419107604162,15.644987260740031,15.876063904333279,13.60599224203213
20.581556829355506,17.494193385459901,16.646333494919332,19.357707937282917,18.833455486908363,18.612023443472225,19.295937554106899,18.746593237956027,18.690077150144759,18.85381261959354,19.149269804936011,15.159558555434224,17.089545571431699,14.900648079418012,14.822188122582439,14.603220333550617,16.241676088519881,16.827433385117814,14.94443321041976,14.584449543124293,14.502312280530084,14.902140428126678,14.505215939779198,14.465937683812548,16.461816305576654,14.483960152203402,17.689146626821568,17.92503678721971,14.755915415982209
21.847951132539308,19.6626360473254,18.593152622580696,21.49526348885265,19.32437875580959,19.627025882739105,20.044068240160179,19.838804436272994,19.803051749094784,19.891229785556455,19.944509161594532,16.94754541032875,18.976303550160623,16.325722133847449,16.547833004675454,15.721338765727204,17.894387605814764,18.696930186055539,17.018514717531737,12.777798981706695,13.279812924556168,13.857965037405997,14.455835087231158,13.941679032725219,15.729876026193629,13.02390350006587,16.135738089672721,16.824904902945669,13.368882082519654
21.55282099890178,15.382352143596712,13.765471010437622,18.54529825512963,20.730785943709179,21.191502670990246,21.601932806917809,20.916079256471583,21.033546345739076,21.291112466435727,21.354793272252572,17.9316815082367,19.92531601507406,16.295221886843962,17.154100482309559,16.115771978697879,18.247842062283361,19.541290555223604,17.820284494767208,11.947379533062254,9.241392372710159,9.0965376654762409,8.1833508925965504,7.8857326046819125,11.738459451717965,10.002302774601624,12.90978614642318,12.96982475541985,11.484875931989158
15.684419056384542,10.259157882591914,8.8469045022465167,12.654746366139598,15.924991455072508,15.489918325386327,16.044746871332201,16.098010815315597,16.206536227536809,15.948143717958828,15.689972411694185,17.016480834898978,18.922285466650344,16.649578274433644,16.614561904084717,16.298168466553868,18.045741610466806,18.83283339986292,15.434064665673077,8.845062288180543,6.8089389483917557,6.6365603413040972,5.7903387671595965,5.7954299694729841,8.479065392866346,6.9373636460156547,9.2547630586276242,9.6052909386292882,8.0514611219636478
17.959419221120058,15.316384731394919,13.798437138814279,16.722303286747426,15.906285066140974,15.724640912145759,15.550099708365956,15.117346616695563,14.578194999680207,14.636501716765473,14.572906640792183,18.918294121590819,21.475478737960323,18.697799961602549,19.774390667504861,18.943072527170827,20.58163108298038,21.649937980453835,19.081669280669537,13.770646118410177,8.2526620019681332,8.267032685197897,8.361144138595229,8.1187517607073829,9.6724450546741352,8.4933618011702379,10.431391763974787,10.810507029541462,10.113563569771387
20.443948908321957,16.242034765902368,15.253884851118833,18.347336819922397,18.192452177546407,18.683287515678245,17.621518507723941,17.69172824360988,16.811467187014195,16.725233582736124,16.669165205518944,19.197020649123644,21.556938054238294,18.809026631429212,18.985748502629676,18.357685275298955,20.594225278850828,21.51209483659256,17.155527275012417,11.564987539621441,12.275124332482015,12.320578565056309,11.85224281388593,11.92375153568512,13.490618692202531,12.430238999917876,14.476686182382757,14.580546047260441,12.792368149540373
22.040896974956489,18.223066309066553,17.492297918367889,20.983322526815996,20.598104940599725,20.220912550388469,20.53652507870914,20.053625037994408,19.325876684353048,19.513451945929937,19.395676667281343,18.354200074569135,20.843150215708917,17.976097285955035,18.795105974148328,18.027549076617731,20.030288170204493,20.881052592496793,18.119372614948098,11.891566135771072,11.033944033469389,11.007184825889276,10.774860961170575,10.626476745677181,12.455521419799354,11.032989931520092,13.312946298545548,13.479124723076175,11.424539460953596
23.671736780769074,17.143780047063665,16.246759796175198,20.90253229010986,18.434204124334535,18.083679992406225,18.251106359813683,18.507525028371006,18.374958275262607,18.008407599591003,17.676969917013096,17.010490897618048,18.822044616697845,17.000323703502993,16.210755755208915,16.053162085899665,17.888361027752836,18.749167535419602,14.027080211760349,10.315483699101954,10.682988019050462,11.036869026161042,10.703316646580554,10.426875050891169,13.199265695530492,10.791837467917105,13.74178371097068,14.246369118233645,11.238940516054789
23.477973221220729,19.948662161396562,18.901799019923168,21.684584607728631,18.60979782055702,18.863917656342259,18.63755923935048,18.177212633113172,18.337335061816695,18.255100081438997,18.139477432338325,17.149485502443,19.233395913556308,18.195519835412867,17.609570099537805,17.633521220993579,18.667266886266766,19.222456461715154,15.183784391417142,9.8757475738478462,12.63595818642834,12.988965021828058,12.509312366611972,12.528690215837038,14.408645733417849,12.070190080982513,14.8970874381545,15.483056171512736,11.649086155160759
23.444089533542105,21.246535320526753,20.236653038791552,22.699672649007496,20.685316285301887,20.345678725545625,21.699517995462571,21.208512021184752,21.804485751674228,21.853714031071,22.132282293755246,19.412336663453608,22.125242428970154,19.436508657620458,20.189963136472578,19.582470464159847,21.35014669423672,22.314504644339735,19.636634988704046,13.828475033291127,13.549079448320477,13.713474490275829,14.101689756271234,13.525432068512565,15.376237204715437,13.637657072529201,16.193243217876137,16.505076559825518,14.05042601627013
25.305849543988458,23.624931169592877,22.492052596899256,24.451532588877249,22.965606295562772,22.633517877582705,23.805810268107273,22.967938632580015,23.086711653639433,23.445715398016574,23.769846079228742,18.697198942096271,20.449427483312284,19.541710260241423,19.398277207529603,18.933180021951046,20.574803672784505,20.581603355661741,18.644141566751991,14.61102821621774,15.383519355901022,15.746809475933894,15.977619440553397,15.197095937602299,17.412381634141873,15.298342195047589,18.098230673724217,18.48680921830195,15.178250547538362
21.789774443844451,20.816070953904784,19.689069836467944,21.831666707548138,22.802478814539626,22.556373907305243,23.679961248201074,23.034136503466669,23.166236694320013,23.497034203986082,23.795790148710338,16.538790285510522,18.878379155869148,17.572315313817533,18.042700419073228,18.153801810049742,18.540034501473684,19.109022971132291,17.849393551049893,16.85036866206751,17.421711147218311,17.745762073464739,16.392556694741586,15.773655700522966,20.058092586277468,17.82323126748733,20.67781110802099,21.131772121280441,17.311884026110363
23.069497157863857,22.330151864470693,20.982758631998607,23.02411425150337,22.834950428200173,22.494454078903452,23.846689546084932,23.445559457382174,23.611855465840819,23.689721222925414,23.814637539263934,18.315849851296981,20.795769595104979,18.518885716541682,18.621224016964462,18.613019170813097,19.947286711943242,20.870125339587268,18.990459406437267,17.982782214620109,19.008553049278241,19.363751681904986,18.836130720431136,18.68840235890012,20.796730041921329,18.959705249083846,21.665421381591457,22.092188809393051,19.138692830313815
23.851389967775191,23.339960490663337,21.874211526293379,24.132559265619648,21.760613966601937,22.26815865510779,22.369641364385416,21.759322594929756,21.994281745711376,22.045833616003414,22.411952872872561,20.800592024881048,23.029312882504414,20.311459094436984,20.935986711837607,20.424127265079356,21.953993614633674,22.912712031174998,21.255018845191593,19.974631102948365,19.125602524988835,19.256037375228928,18.713333758066511,18.818767535057297,20.774247024492624,19.013728095701531,21.927740980298623,22.177707695372384,20.028524647911219
24.861795771790483,22.189085247068284,20.814398936733497,23.675157475980178,21.847215071409224,22.258098403537865,22.418301506286006,21.975408076271428,22.237610409525097,22.186540833915238,22.382184202332184,22.105303208077586,23.774284874279218,20.003901373937126,21.076021728349687,20.182837296220754,22.451202024518459,23.53570524126102,21.421379686793109,19.320329520878104,18.691862994815573,19.244129223828281,19.298847531577159,19.144430862507527,21.010450334872097,18.681248835186778,21.585434973853268,22.174697288944515,19.466766562732538
25.598905475742171,23.106656563880129,21.69368834298227,24.117102898270709,23.553970080849297,24.025938659328439,24.03199798999357,23.858969079848393,24.170191973687167,23.969184910483619,24.07158133742044,22.68196114608368,24.078263319361369,19.968246310370155,20.822795608013593,19.124128728525569,22.523571305041479,23.608207411761974,21.034997372594901,18.016049627092123,18.078000884035653,18.85066843597459,18.878995713340231,18.62004998853719,20.640542012878491,17.527300540039448,21.262642967166137,21.83221665307267,17.161082752608991
21.959459368384351,19.39390858045644,18.289766391824521,20.752696035491638,24.157851372064854,23.98941079128555,24.886410044568535,24.605820995559419,24.649417974985639,24.807848527778482,24.899523855989329,20.659328988496313,21.949722574222058,18.134496978272843,16.848239965622831,14.82118949139096,19.799417391367669,21.164621325464125,17.168535116907925,15.178662735531319,15.221335536513358,15.504200014037842,16.299196153873112,15.897103489366742,16.980760387358494,15.428666782054663,17.699971054488728,17.920153277079507,16.233666719402592
22.270409793303514,21.03001428173696,19.982321407493366,21.676283526174529,22.048605966976076,22.186945016776065,22.886380592112765,21.866618839543179,22.237764529400494,22.461128554246422,22.755658799132895,18.113738569906779,19.878306229929713,15.646687435716309,16.822152699324896,15.514082080595458,18.231519176889947,19.707440167575463,17.05640359787796,17.272590159183423,18.490782588389187,18.039855053742095,18.030734462960375,18.070208857871272,17.861085150563532,18.234497254935334,19.705166098314926,19.269865874052734,18.696145190742548
22.291615570996314,21.580141631350713,20.511004803680137,22.357090292484067,22.341905861237279,22.534895526281083,23.512285075726155,22.848662665025948,23.385193825261943,23.675757830620825,24.173008670581964,18.320181422685053,20.539427012730073,17.402601127161105,17.799856917030375,16.675889602582288,19.528348460223967,20.502238455608136,18.112848513659351,17.877245211043629,18.595946471922005,18.72019538833684,19.613525148461974,19.203858699527949,19.093095403781589,18.468000164879584,20.009231966324336,20.123091089242429,19.250559357176137
22.095897747793138,22.094665608577046,20.698667487419613,22.390224292580989,22.856321380326634,23.363082823557093,23.905316177785714,23.440908324917061,23.811036346100657,23.980928488252147,24.151102471712761,16.573822581312925,19.072095026074841,16.961639426678744,17.633039387511062,17.388996680840762,18.845790161154085,19.41221820628774,17.828671626447857,18.509759066007632,18.785478822981986,18.990585731718312,19.557439098575564,19.193245591229321,20.360572066539987,18.500072151055626,20.871674474973744,21.432571977264764,18.965935426638474
22.418214545019872,21.792585377199764,20.082563542236322,22.821289194798062,22.004083024348617,22.611320669904593,22.420653453821728,21.992913605868786,21.735110503288432,21.774197896830607,21.774018697445904,20.748125542697125,23.090736126233693,18.653505045650768,20.651115931806117,18.48883130828964,21.696153393473942,23.196708997959796,21.084536532730667,17.655328686519006,16.860587738073974,17.975004175038684,18.331904213525149,17.863431105565496,20.28456701802024,16.714734207665536,21.072778779021398,21.709839047691439,17.131042359612444
21.5052626451942,18.338194909859602,17.026471802406029,20.007421963715991,21.4423499336501,20.639474252617944,22.113609987538887,22.267706421877456,22.51172226852988,22.354036638906841,22.269918180592285,19.336627115668591,21.321765770789312,16.919533085934354,16.122466280548124,13.07464505542179,19.161832479959763,20.771532822408929,16.206133635966474,14.089051340150391,15.525469887443066,16.281451365119359,16.617402073774656,16.354141725937446,17.976351309249395,15.326971579231866,18.894616054271033,19.284793406438148,15.473825086044556
20.773087211450857,19.566983055481998,18.726457197034186,21.154331551768884,21.946904661927931,22.023870533287969,23.024981172541565,22.254063787529461,22.60756199104717,22.95090754443892,23.12891430086411,14.47515339643008,16.527707545536771,12.846334216065479,13.439019527061447,11.460034454196446,14.991272009391267,16.296664556862545,13.855667817800544,13.993999124826502,15.252860225303486,15.974413437868328,17.556478679391866,16.814885347072483,17.695995565217764,14.538800744659518,17.638435120882086,18.556320907192649,14.809578101080248
22.706544170671293,20.091182109308455,19.321810825729102,21.977779578417284,21.334356197753188,21.679081023578846,21.554304580505921,21.271200359620785,20.365731204690071,20.64068144058799,20.404752507353571,13.551741336353317,15.257747177387778,12.679631103446191,12.35645964649742,10.824639283586507,13.921045459875245,14.771920080568037,12.469647782176175,11.718300409530741,12.744732233702422,13.511175995892664,14.461786128027676,13.661920466249491,16.240929089370809,12.732627325020964,15.761070757593451,17.081974852871042,13.25565195318768
23.51375997134042,22.492380128512721,21.313790824507706,23.172000342239691,23.44816125141093,23.086951729207406,24.175331128711079,23.756347197223526,23.637415697566716,23.81083411714414,23.769358534021265,17.354416399369995,19.069578630415407,15.661917813574107,15.611306073860938,14.474916537764734,17.451649691566431,18.609553463044165,16.805068691771581,16.162670134649794,17.082206301442589,17.682328482854295,18.702575907381267,18.024059858046343,19.375687245712783,17.138998044166932,19.967341924138232,20.586804170564889,17.851898133848728
24.507080585512789,23.463007718683116,22.229509301133113,24.254971033113513,25.426485683255606,25.09845699088401,26.730640604830647,26.231822087166783,26.632637328022909,26.850190472246027,26.858745992215731,19.041652040251911,20.782135272354616,17.231829835267163,17.582792537843275,16.921347419847656,19.061302371494655,20.190565604681503,17.807871338482684,18.754792146015838,20.398607293275887,20.472282426136715,21.069695453900415,20.82855004120583,21.587061956768061,20.320865177278662,22.278946561220515,22.766312378582263,21.141162567514776
26.182340063780025,24.735360358279017,23.567051125364728,26.051904881812021,24.88200491165653,25.305382848878367,25.498437526638313,25.3493545752806,25.252041174184711,25.312768889332311,25.195068307641819,19.204990067567017,20.785310948517832,16.557904630124831,18.774071735951878,17.505216175048915,19.33470928574441,20.506680537876619,19.191926243853018,20.298409558357193,21.871943921417774,21.959072100678476,22.915403799787462,22.899543698774721,22.212569941619051,22.109251126726171,23.482230720380045,23.587690689991071,23.385207940671741
24.804598861983209,25.915379948863887,24.453921371684082,26.665509506073263,22.913232597947747,23.15029305548272,23.260289821307538,23.252628098872854,23.748197335872746,23.656237102210241,23.703656490606953,16.78764160735232,18.315868751906528,14.388404252548554,16.248085097604765,15.182165790392347,16.993884777581194,17.933506869054355,16.963049906039821,18.298186436966702,20.946267655933973,20.994547692849174,21.335178812884052,21.300753948239411,21.076534599266424,20.614979048651008,22.581434109913815,22.62991652222361,21.168847647213269
21.326574830855471,20.619190563951754,18.972388909153352,20.924956872485964,23.037311566212416,23.399786422420576,23.743969196273028,23.785328191387819,23.950711486412928,23.77738454555427,23.700343369022043,18.135835951027758,20.301491406560196,17.256845654421255,17.60839864969337,17.054514579014658,19.264443633321719,20.133236678349682,18.796279584399429,20.114054844552903,19.972565624820682,19.948784660707069,20.201052355577012,20.059969845029983,21.09785275251361,20.019402749309954,21.580727360800907,22.296245045964419,21.387199427850319
23.985947995889887,23.024461309518067,21.608362310816283,24.711010056664193,25.043039386109342,25.457886167145055,25.865492804626115,25.622557011912754,26.020817476178912,26.029750572964268,26.062229399349555,20.019896562452516,21.876353104418065,17.982758860960246,18.966172488681543,18.633974939454241,20.241294499939308,21.411338607927235,20.191606572595326,22.17612268846014,20.965966908867145,21.649406813170231,21.463070927773146,21.343423992374944,23.740493185348541,21.231571247275674,24.800220583861744,25.316627989986415,21.74577754909793
24.144161613225123,23.428663169474198,22.531325361336592,25.230670743514814,25.255086425826491,25.361718523405884,26.16234967884067,25.947830559511658,26.395218904463675,26.31757115922403,26.353746574209012,21.150374817529467,23.04807541507769,19.656695610368239,20.523225849142456,19.694366081723778,21.843784425297862,22.847519289145716,21.416711677656437,22.587624384910448,21.96634798985685,21.80277790058981,20.87585373827703,21.070801460078236,22.973666437806486,21.861626410255262,23.952773518252705,24.335508860329796,22.745234774275836
25.233878009963981,23.105738426088003,21.358660526632548,24.802207346779205,28.380516906804694,28.581725632875667,29.621056111181638,28.974805731857586,29.544528090322679,29.670935012428501,29.697413113398447,21.864427141597396,24.267229275155252,19.996644465011222,21.64005419588522,18.780559220546813,23.104747955460091,24.374204364448559,22.369466072599273,19.825923915372115,16.891420772068635,18.175543242225096,17.649050167860352,17.405625298004622,20.849651839364093,16.977238099470561,21.633942173012933,22.281400305850603,18.280674235948538
20.595589831057794,16.396986912145941,14.884980139672614,18.556765397291045,19.268911664369199,18.833213251039417,19.744995183298904,19.95425451810862,19.651826764838702,19.502050884349181,19.480336920356571,19.433347446391387,21.474708945675914,16.984656890545281,16.58848963539694,16.241765996637383,19.085327969809384,20.677828520418863,17.069196374669424,15.813601201904518,14.99164859060712,15.272845875988779,14.766912683507165,14.679437344052644,17.285945977047149,15.026131609371376,17.726547376388744,18.485975711148896,16.551503684896957
17.192167296014048,18.447622647802532,16.642337102842575,18.437429716291128,19.328148295916932,19.60893940291394,19.792353852868033,19.335956138986177,19.360849439000887,19.525078887446945,19.559065361278222,19.921985655322494,22.306630829381895,18.509115861184299,17.116817141951287,15.8356661470837,20.786782290036712,21.712378131138443,15.965511512518901,14.588706174695815,17.05986683171372,17.56408031186325,18.540285885573823,17.858386717653637,19.173541202264495,16.348259159233251,19.079097775200346,20.097768692497922,16.645250428013966
19.982081033983498,18.503598474518157,17.131106616187054,19.094862509563768,22.296968613349947,21.907408954866547,22.497550081612047,21.972426668901029,21.700966863673436,21.883501007454974,21.730285650106367,19.519735431634274,21.544142861254429,18.089683461243553,18.837834694681057,17.635461496031716,20.30041682442765,21.301534858333817,19.368330179416596,19.255322171803655,19.423339524949064,19.792371640137901,19.922319974406278,19.78440111250211,21.262830089692216,18.899312320752436,21.51625796224085,22.454014577514549,19.407104474067872
23.739089173197925,21.966261446939853,20.279302567266207,22.147647069832189,25.062969374228466,25.001206699092634,25.49651286435072,25.372368529377233,25.597017980489511,25.381149771688172,25.276007362869414,20.566581978379389,22.344569274497651,19.061866756352551,19.998901161501948,19.797590072547138,21.024323274357116,22.032947091161851,20.799196068932098,22.31257447179587,22.888971733724176,22.749698962495515,22.342014417965061,22.510744931977428,23.782379666666749,22.466464589827197,24.203118073331538,25.04753725766485,23.001339951691037
23.872791971642542,22.915058602667415,21.323090170682782,23.997111674414754,27.31272137482221,27.088237194809288,27.903128734283285,27.548927132338633,27.56645199121747,27.636772556145139,27.649714416416899,22.204527856978579,24.056363827301062,20.391310195911643,20.990720044872077,20.696585431926792,22.456018184694933,23.586922395719341,22.046727965401033,23.674216192341447,24.431286119728171,24.556681166308103,24.150077044085904,24.344373404858032,25.460591472715599,23.971925874258808,26.016022791037848,26.793048983956204,24.565734626861214
24.91421273429205,23.684508045282421,22.063548564988167,25.752539504515703,28.328577181993168,27.476319319653101,29.138767216433656,28.958653847720292,28.82265018801079,28.866742907416686,28.523745564286131,23.307628847183274,25.17824756766592,21.958196609959757,22.791261156507517,21.967259403829821,23.989636494442202,24.910972380223782,23.726300902718926,24.472887539316474,25.439783749855216,25.590838280455216,25.103818581412966,25.417750409580684,26.549025633535557,24.951096636126479,27.067283782783242,27.877000187495568,25.315491747232855
26.926259642912541,25.270337385058127,23.509226969255053,26.314057175001608,28.503427044109458,28.069077700892571,29.801993717321388,29.430058114036449,29.982089574491852,30.043041783241257,30.001606512349262,23.369023728755437,25.509375851977822,22.584462789601027,23.35765505580811,22.635096786883715,24.557716201443789,25.373921559087414,24.35168617319156,26.276942602142221,26.692434992603147,27.028591501950736,26.338341138887905,26.638659131294226,28.286142389369857,26.272736187138563,28.939234659308532,29.782117509646106,26.782486384798034
27.350778449559698,26.28067352864776,24.795806699723926,27.406996811900157,29.206925011427792,29.037691283844559,30.349364483820857,29.974613690025791,30.227532843070144,30.348739814563018,30.33649318736272,23.250472635574091,25.462203563479029,23.279447988187911,23.842511922947693,23.377235628964534,24.736862338823165,25.529287900399069,24.909048765097836,26.285460909570752,24.840266086230628,25.443358759251431,25.04042657318378,25.129214607322062,26.88565541834862,24.355462152260991,27.784887907800375,28.422425695802708,25.297521515795566
27.542267628664334,26.212837834354083,25.13829377728527,26.323151726247666,28.289315400544659,28.826392343529683,28.779710957462903,28.279601313846392,28.067058459399121,28.339445916763509,27.949331598585388,22.368262167059406,24.2400960035325,22.152651587593354,20.215585448212202,20.306809087971367,22.915041288851533,23.601896368939883,19.878748766357823,17.545209778984464,18.450828305820814,18.486899425177668,19.261094504516258,18.605490545179748,19.974613733972802,18.532013913007042,20.1282415276685,20.834169519186013,19.551749829459119
26.385556690273027,21.593285613349209,20.505539299386022,24.243246674233134,27.18656758905253,26.769867708257344,27.587073341520728,26.763628160271409,26.46847717003596,26.764023322936161,26.617673121724422,21.643056685841778,23.21269886637532,19.783809373892026,19.68605182593091,17.546377544522727,21.520085773798733,22.847615645767043,19.231576922774096,17.966467953351511,17.505060660918282,17.569205461740843,16.70938977064295,16.857057496078639,19.392122138321199,17.782961089398128,20.692619071795825,20.65395830532983,19.06523108047562
21.616668272230001,18.715221372569033,17.182159117912576,19.945985476586088,21.148381927121214,20.886202564851445,22.002529504905119,22.119577153192232,23.06899544169196,22.716104078716697,22.81645810714879,19.080745627115128,21.231777721630635,18.377242601089961,18.108501301958512,16.970193379108913,19.93801073039068,20.987244392765874,18.097430710290809,17.228474595465734,17.620587523646115,18.189752986713998,18.139853291916317,17.883282750353288,20.12434926602527,17.240563169817882,20.274705668311761,21.198171573444647,17.906497743438969
21.985388484931711,19.463366269706945,18.025067157298281,20.357386733267852,22.19132581757831,21.639062937196641,22.797352482870075,22.644670366965123,23.178153350926564,23.020184408598006,23.051819783337457,18.868357748473308,21.110576859562187,19.187982380621712,18.002014917214389,17.124462434832402,20.288486156733534,20.937167320321223,17.150997794535499,14.9493262882024,15.31007585625818,15.431537738384009,15.423349227965289,14.966797863374062,17.621007773409595,15.421948506520586,17.87566851730427,18.512299435012608,16.110746560834876
23.815667108636802,20.898579438298881,19.512332483401337,22.182400434761391,22.26794207002262,22.167951845899083,22.327750869521054,22.372702389947328,22.451886308984854,22.274734632286084,22.102627247832672,19.585421628518347,21.230190418982573,19.225167813541233,18.243650159798108,16.425242804064276,20.298429203935797,20.720104303439577,17.097238366150322,14.214761778731997,14.421561442478882,14.429145245693668,14.888263630690467,14.523719184392839,15.683736841462611,14.507095699180617,16.302521908818875,16.579385694659457,15.480467139202332
21.889796133210574,19.493009580238692,17.954314328985333,21.451974284405914,18.870525334163354,18.516159332077123,19.402312199162715,19.140637083472811,19.248306560783981,19.228103665675199,19.237237435295228,13.08415092910117,14.935923969643682,12.468539157676048,13.234491291282978,13.807201890494113,13.891583864903261,14.814042460646988,13.412021027642453,16.242098162119341,17.496545316189653,17.749460701548685,18.902631613395386,18.374673779048976,19.066776859008336,17.636020873847578,19.451599564110637,20.185681849024796,18.6370536053441
22.57587154944919,22.277922876716737,20.935319269461168,23.251037137633944,21.916263911754953,21.950002861423023,22.802268448887041,22.75522094575075,23.226691162487533,23.205515785771425,23.510483167905782,18.390513514043384,19.863994899348704,17.33633509520206,17.71776432792182,17.382933315456853,18.457903044578913,19.469434427084067,17.856454948099291,19.810430429021338,19.756261243738429,20.254591403648831,21.873297013892056,21.245850071334885,20.706090548439313,19.666116657163272,20.854053788560776,21.524119595667514,22.047915886487267
24.097841998447215,23.363961202414693,21.965634028390667,23.637161136641708,24.178541956355971,23.952274800476673,25.074433280942088,24.722858525924323,25.048397983438512,25.114589725958844,25.250860436618225,21.139079281399908,22.668916145535142,19.929036545107984,19.917549694724798,19.9423051299053,21.393254274790181,22.181421277841402,20.504430663762797,21.529233841928288,21.125661559823328,21.174515828796103,22.760880221622436,21.921679846857273,21.850260053879445,21.362577358865444,22.778670364502815,22.945269633440816,23.176436353521844
25.415997827451385,23.492610679588743,22.43686912748322,24.821552457828382,24.670563526735435,24.872588523557567,25.634167157201098,24.877921242659482,25.082537753602466,25.430324512864566,25.676942268342586,21.117724820356493,23.030063269933635,20.081297734676951,20.742548142925322,20.829622208066255,21.921416249092282,22.66769209367115,20.94394563871753,21.643679898268466,22.401780341383613,22.502611559095719,23.106665925582625,22.897173289766968,22.480855940580184,22.23283921547722,23.652654313697312,23.720309662596861,23.276765140284631
26.173192829969118,24.446169347936198,23.2739847038779,25.581329902326175,24.368132463477771,25.039538651253494,24.967675795337378,24.355675678275425,24.422250062384769,24.701168045348183,25.064058830389307,19.119327641712069,21.282320315985423,18.477314700827193,19.139647894876056,18.893228273783549,19.874843718285476,20.930406440839121,19.937543279369955,21.206859448876614,22.73562973463163,22.84978074380551,22.924446785956206,22.790775734887674,23.382989043351188,22.177163605839105,24.187492263998152,24.654371200363208,22.625873246182152
25.698893974388525,23.910528791709147,22.700729501083664,24.40769109363157,26.968628563442465,27.097069709559094,27.582768985153955,27.303160330372357,27.244443248961822,27.28589917794524,27.348314825518841,21.90680236544911,23.605999152679097,20.121401762631756,20.67201045773465,20.070642262681346,22.019583842862922,23.088423559671298,21.349990438074897,21.24315830502249,19.533351963805018,20.314635652104549,20.850621669641889,20.001859721314815,23.440868712999396,19.695721912247095,23.385883793811637,24.498377380036068,20.055469992996876
23.079811698269744,20.602722450647825,19.11493504919099,22.703537492203083,25.641437848162582,25.125915958164022,26.221670333108449,25.905278285802872,25.624929261413193,25.699523291291676,25.686816345231165,21.975506995574953,23.919451903320727,20.104045331116843,19.669735409999177,18.085657562713351,22.412691323114927,23.311917889806679,18.638046814427803,15.798804975278962,14.273711889127952,15.462259483713403,15.132603707847046,14.85162677242409,18.32109314951672,14.473728966527055,18.660192689414792,19.502358801075879,15.63477102175181
20.03475292202468,18.127319520043059,16.451728806717171,19.849759284243341,22.527885192580655,22.247970243463101,23.663318811935923,23.061307903765098,22.838521981357829,23.221040855356769,23.274861559304426,16.94356658749048,19.342713609242232,16.147246310092818,16.439646463727705,15.665883425892062,18.100566619039697,19.226681441684939,16.513050922932869,16.161141082076576,15.270092485271633,16.021934450825505,15.79794958693774,15.342069888457033,18.216911862008658,15.357446977634396,18.850396535554545,19.465108572862839,16.415279218281363
19.69876637474524,19.90387842159209,18.385299156917192,21.316283366627829,23.006044040284372,22.687132419939665,23.611351341644536,23.13328194949819,22.991633299680629,23.239427032638439,23.201169616619438,18.158206519627178,20.702031515643071,19.339652343926588,17.273201330752357,15.787230470400452,19.692179327058767,20.546208837248194,16.421321310126331,12.855343777691708,14.896526548530083,15.833142072499285,16.287288181582539,15.699935377889773,17.985845805105576,14.498490908731888,18.023121566147097,19.008026163516668,14.508318527016947
20.881973375585318,20.737001291065063,18.867146386623524,21.666697422268264,23.81860476609662,23.687023972368912,24.671165483953395,23.818444958662177,23.93910343545857,24.321373163201216,24.408344400568019,15.664042804839674,17.269631784219619,15.177700183842845,15.258910310651977,15.42636970674036,16.363191252804789,17.03064026803515,15.25693798084594,16.068052625404945,16.290461620749454,16.355338757801348,16.738798381217215,16.309994769584037,18.187643695475693,16.704963774447435,18.630400583220897,19.296026856396374,17.707939409477881
24.321968577418417,22.090342239077962,20.79634246929713,23.799066307442807,23.90701688110385,23.833409371986335,24.844451733421806,24.609695580487184,24.804643678568489,24.917035923268898,25.009296860520458,18.58743896741445,20.52375001048231,16.47745152194797,18.525487867119551,18.288095439899486,19.247192978649572,20.384862407888505,18.878630938076718,19.110468015144008,18.889727147953302,18.858403829212122,19.50604885486144,19.110266048994269,19.931061144147606,18.656945734672696,20.509943843272218,21.03301933278572,19.981201215814515
25.154215288915282,23.038768175960371,21.859091799030075,23.997217577729039,23.55738873935163,23.553652075394126,24.786637233049511,24.592151923540492,24.959492307607256,25.190297534672155,25.566342926951393,20.951101726322975,22.676910083493176,19.276707204185442,20.444581207440912,19.990342754457643,21.55435243023873,22.529300469195455,20.640090929346286,20.754248529269816,20.695228512654332,20.511556617251685,21.227364919938871,20.991746013590109,20.501751641748015,20.917327290254022,21.887675846469428,21.827029573310035,22.766126274247704
25.679998349537421,23.835261321183864,22.685178369600557,25.018208030646605,24.485048008262382,24.542138304374667,25.781636529965652,25.381645221113885,25.725379172709616,26.037625474934195,26.45237296421417,20.936204337927329,23.305659213164674,19.88428616762009,20.938701933687078,20.343036148930764,21.95802881658787,23.298942707088429,21.343730748846554,21.969558891927399,21.65567164703706,21.562643559765569,23.003534272705963,22.326968450607922,21.689731319152358,21.901139022917754,22.818201791040615,22.76328069757222,23.563200991478858
25.932454827260607,24.75243051380798,23.186604218818246,25.552814753169919,25.639896427291816,25.59622016259371,27.074650596076985,26.566116186406035,26.974441327470984,27.28476616439044,27.605125282917861,21.16796794728085,23.024583407209398,19.934019756356804,20.90578496846922,20.151992406308636,21.578438173871412,22.750797195875123,21.20307204874991,22.413395062819589,22.606495908750105,22.64981753440258,24.033079396928592,23.419397796847406,22.679829088864444,22.582954347609693,23.71751134026762,23.87352148121812,24.096362189753108
25.340424765150374,25.030607572125994,23.916387275341414,25.924397496398214,25.937252876723704,25.557880254544813,27.55626764497724,26.897932111910016,27.449508187600685,27.749975077075383,28.143660582247797,21.218394720851371,23.517284300345061,20.394777109686558,20.896628907996096,20.931288096835551,21.886841697601405,23.227449069676318,21.422633086533651,22.71198885078995,22.965742110768403,23.165010821484138,23.823570453139546,23.550289678751028,23.101800120011433,22.587555438503514,23.992597696777196,24.366140591599212,23.294086184388568
26.237863154911949,26.381421734909196,24.89707882409585,26.781545250474714,26.494683314747519,26.717258387792299,28.124326973577524,27.395672513843046,28.013552280548147,28.319978550270513,28.683146401594058,19.357151047586079,20.781612648157136,16.604190542611754,15.675691825894994,13.094270654655112,18.475275137559009,19.676891895764598,16.083940638003419,15.201220894848369,16.40160876094567,17.638595256959597,18.408119866595847,17.547850802719246,20.297892968352585,16.139249962466586,19.915069212926035,21.374261233985806,16.544372330334255
27.964569043651686,26.883525718054642,25.621891586348418,27.909131101978538,27.224864136228753,27.13929782159822,28.603305354752592,27.836143067899592,28.07354266431085,28.438323534178522,28.684192931830019,16.677461870990491,18.506417023843291,16.523354277891741,16.488269454858603,15.747166531198452,17.757269941237368,18.415637626765943,16.532546305883628,16.728907377257578,18.354001993879493,18.74614613092055,18.816455680710305,18.289013037181704,20.65794508652337,18.179510243911146,20.680411976178618,21.703749654812043,18.930926285634662
27.741813110841328,25.849062113380327,24.30924642178541,26.626666790581353,28.155009452534337,28.2752258902444,29.448128846867625,28.525256977628509,28.869207636312453,29.132779978442656,29.291702396228956,19.799500521529069,21.356209960962886,17.946036759465059,18.31730081297323,17.798014986017321,19.583319798867187,20.724449754351262,19.283858197664109,20.083062214504473,19.508603444746676,20.559801765091066,20.449933147520404,19.764781857110044,23.249678862849052,19.807799320703488,23.550153717501544,24.48452616725406,20.038207738266181
27.77142121751146,27.791043975156853,26.272865786171465,28.356701293252108,26.970422038277704,27.526008102287982,27.771282507166895,27.407949190629495,27.595608800678498,27.656749671411262,27.604619210134629,20.896314263549307,23.098241324236703,20.932735198728039,21.364703109500581,21.251480828113017,22.428924180796521,23.041879695360322,22.385650448197005,24.352898548989266,23.13300087347168,24.159863026104681,23.920335924242281,23.24456058854787,26.485837344003826,23.308385387139388,26.869118697695022,27.899405824818551,23.977241433687119
27.003087338983619,27.398597118435234,26.106216649092495,28.559805895879869,28.818722762607457,28.849662928445781,29.839411298001643,29.579442686179384,29.774928699430369,29.705856488941677,29.683944767399545,22.986699044473177,25.301886024974124,22.410418336216374,23.198711958852584,22.815880662443639,24.450897263013594,25.283928293063418,24.203350017707642,25.818629417525678,23.157754087100109,24.494188557167227,25.519478352249742,23.87710010479578,27.781594247278285,23.794670203467938,28.080745437976361,29.047341267334929,23.911191817546467
28.218824342708288,23.774641312172982,22.587764061668096,25.565726681452269,27.772989972357735,28.524157702798519,29.107419976499507,29.362330186229613,29.864600195671237,29.713370483568809,29.749412423738576,23.059408886942848,25.370356542317317,22.351887748120603,23.483861685089195,23.027050390811247,24.492770499746754,25.395292910358208,24.553694169096801,24.421330694868615,20.49130676706725,22.104381593201552,23.244673446737885,21.834964780565613,26.113727824938785,20.674044997017361,25.92813766797304,27.250396744532246,20.925868148055777
27.357341781327946,26.432931645250441,25.374677507886204,27.242046977836672,25.991152401160569,27.666585196558806,27.204625336269828,26.624905864491261,27.287634947910384,27.267455331593297,27.789156028533412,22.621646107920505,24.897129241553905,22.254754845676729,23.029443829573523,21.565286430376922,24.307955990735707,25.010074810104243,22.844126682772568,19.302204715016202,20.033544000029309,20.684686269343189,21.685795943205058,20.84740142490552,22.512132417163158,19.955855899475189,22.737990479282502,23.53252116443926,20.521289044589089
27.860808283791222,25.849294940178837,24.509547486682322,26.05645201653293,26.163171115579168,26.72561628676312,26.57827346613513,26.745237794519625,26.574620384896861,26.36572682833566,26.493572358415442,22.855657825389926,25.226895679933385,22.107725630155336,21.438513763616037,19.789677679923933,24.386636219543732,25.169777276451974,21.204311664223106,18.805936352532889,20.649391254763827,20.663471214118694,21.978692131723243,21.338021762362906,21.507980422936221,20.446833625066979,21.793985099272305,22.348056089462318,21.114732034347483
28.200827909424753,25.28695395852079,24.024677511496975,25.917435150912041,26.947997864272843,26.748332145399388,28.089736540565632,27.98303597451018,28.590797360445919,28.410455567601502,28.254360859844383,23.515423434306157,25.228104420239369,22.380883584744183,22.63349055106324,21.92600040768599,24.003724655865511,24.928463640465566,23.071972988941745,23.048371730231572,23.41393243056131,23.258261151643715,24.544912699519962,23.821975940511656,24.667852590052036,23.494783260506175,24.755071641388646,25.457515569339954,24.248378548862149
28.915174825133818,26.785478865081238,25.692922418356332,28.00059225676322,28.797876651458786,28.490110962338122,30.026525741277766,29.720439433035899,30.038000678826421,30.026901786003783,29.981938639734125,23.228916699259109,25.228556803216101,21.405854089146018,22.814897720272654,22.2361858657871,23.764617949078897,25.163203997555037,23.919665978063733,25.067531512101098,23.752196314569936,23.903324440690994,24.321852972468342,23.879895147680692,25.571759623461915,23.928516795230266,26.363409087465463,26.705305616692783,24.586666403612426
28.393226029251089,26.603353371495061,25.411856610813054,27.994025097716815,27.938818242638497,27.797600210282766,28.916068765288209,28.636946676286577,28.769018091600287,28.856600674863152,28.739061645671484,22.880431189124316,25.477071545613775,21.248600260440469,23.253595829588704,21.39879810737321,23.897805021468351,25.652306038196251,23.555289917135248,19.623024832618199,19.105515344220066,19.213641284222369,20.391046342826037,19.561248339823692,21.217081703044862,19.42051503299276,21.251628353318637,22.001730658967574,20.230309706184173
26.486947144852614,26.332499561830318,25.016376282169773,26.265623850412126,26.807928034272926,27.243588386362177,28.060402540895325,27.567577917149954,27.921921520958044,28.137469224479929,28.22954036607107,23.100633346876229,25.248829484709262,21.006710481262097,21.258613444468743,18.211116164278771,23.971558577840888,24.898106616554465,20.37175641436464,19.131818420284567,20.450725319937916,20.450834680727553,21.140116823000056,20.595043761150897,21.756105625516433,20.503600474526294,22.091855597928756,22.658707207104221,21.082515577743834
25.41800617064527,25.896331675642372,24.28340597255977,25.239828807576075,24.746803513114017,25.573686068917411,25.367150775202923,25.802814403760955,26.108795108751472,25.951513200994995,26.219991653996956,22.656350281043146,24.088303021645729,21.470499767457895,21.182574741639733,19.080362567764567,23.030498608374373,23.699793896436397,21.382423800406684,20.417058122197005,22.526887975887973,22.85060046844405,23.884725654308227,23.093328377503411,24.834910422582666,22.643619195173336,24.982325687180278,25.705826745986712,22.516159568888071
25.581304204352257,25.030985576650544,23.959231463107471,26.204579356218893,27.190206919577413,27.642747862791033,27.555121355480658,26.604709275113386,26.030431390136066,26.507779211489314,26.544238448949791,22.112101386847108,24.173563003006869,21.226603528239302,21.245951172757415,20.515771833866658,22.768874631378587,23.738101005109186,21.779398817850712,21.840221530567007,22.606999292287924,22.861611453255513,23.952174208478986,23.251795806675759,24.74978559992681,22.405377757709985,24.674794053730402,25.617563629740829,22.851221535122946
26.412354127540915,26.685841569171195,25.845216796164109,28.115757303634865,27.730709846043169,27.87234669230309,28.335168255594411,27.872464141586775,27.346679540754806,27.606287979324286,27.506623491226335,21.483560681012577,23.475747759366072,19.810444050390018,20.987426409803646,20.424087164760458,21.734156417411739,23.035952313609371,21.872847609371384,21.85159380540162,21.929465182756168,22.302733570774897,23.408418369007514,22.530284228560802,24.294706797042281,21.919506741909331,24.602020022410677,25.285420435605239,22.055461282288093
26.605403940282066,24.688980751246923,24.267758466044192,26.537756740773226,27.622924101425191,27.247359857068446,27.772887544899234,27.659000093284824,26.827924032411026,26.831589135755998,26.695416535841446,23.292579960764911,25.578111509286053,21.95898188743012,22.596909097483312,21.143250855671468,24.428642775748457,25.416559669546608,22.743480699226694,22.207072899199915,24.058790039654461,23.580997351826717,23.832026995854456,23.725756851829452,24.141519892487651,23.75500909421288,24.368295286670879,24.878560189192164,23.961749022716518
25.563117047118318,26.344620374778977,25.127906039491251,27.630785942910606,25.851705605054747,26.010545069455858,26.01540060353112,26.396039101393718,26.294697286980103,26.114129654735926,26.068851556280094,23.203695498410575,25.546480498165295,22.038556399569529,23.679706928378799,22.543691030086428,24.485217245355784,25.579040920827879,23.76042526961735,21.564990458348404,23.600094251013871,23.807840724781606,24.284486774252478,23.857259494012126,25.286492071016411,23.384085686549945,25.871966950476398,26.421843691744513,23.684710253467934
24.98202410288296,27.274163828907717,26.225404183428161,28.176629581552433,25.648297513797516,24.925712582966284,26.574879655860244,26.827643032944707,26.916934132562474,26.756430145826322,26.747302287647798,22.676273486020079,24.845204373365078,21.969480455618942,23.007531081467576,22.459034275339697,23.853590747961512,24.819274431540997,23.452635979280195,22.948364192354198,23.530585874531546,23.80029290925976,23.781060681642742,23.625009768179517,25.266457876875727,23.358369502076336,26.078540803535645,26.565972738500996,23.482783955895449
25.920565953499086,26.669573997601724,25.198991475772075,27.315915198505529,27.060690811047472,27.16134516245863,27.534565719283606,27.113035830464767,27.265002010611198,27.173969632547788,27.071103507595687,23.00467966277597,24.770215074999726,21.150366040325459,20.828599405681821,19.706367667785379,22.610378341058578,23.940174778644391,20.792601386052283,20.10320815887998,21.085200711862562,20.375314740444445,21.293939703636298,20.753194863823516,21.134056307159,21.127471752808894,21.729803178261044,22.00048108927578,21.69216643336609
27.334056256743096,27.950096450581221,26.737236397794028,28.402767528004006,27.580111583322498,27.504778938567263,28.538140292226728,28.100846310849157,28.663910764183882,28.580578449856326,28.724195422493622,21.023375546194146,21.704080148614935,19.450340125183267,19.680595529333381,19.549414069173459,20.501773486819012,21.042742459232791,19.99635061277435,21.425923704845374,22.811288249177359,22.47937266428945,23.276381489163562,22.764712047941835,23.848140390609238,22.933112887543359,24.247955287496204,24.699553744233476,23.692413993450828
28.890442130452243,28.223209433819704,26.930504881890378,28.815075723218499,26.576975013497595,26.52141046956033,27.102302769435859,26.849895911550512,27.181610209728234,27.032292111222787,27.076029445998387,22.9975753348049,25.083365571784775,21.869403971135512,22.342816600339042,21.088377954601732,23.935412494806961,25.054373781524205,22.673240531209352,22.547225078396018,22.618873201378491,23.075196634045874,24.300102696003748,23.491627027239481,25.25905378092655,22.858535249203136,25.482275347853722,26.323481753616122,23.71028031268866
28.030178688928039,29.150860877776054,27.565506546817986,29.332670543567708,27.46630078779534,26.811636614472071,28.25095367929049,27.922897345366806,27.975470198870674,27.94431639327361,27.825719655438924,23.213032343174362,25.308700089990978,22.516040822369895,23.325446858577678,21.959355915149182,24.608248098419445,25.378085900872456,23.395946956629196,23.098306580144289,23.211445267207836,23.254859433639439,24.117891359848841,23.586222978724372,25.022434791200219,23.525330219665726,25.532952505026039,26.055982055108394,24.582290666593394
26.257388814252444,27.291831644035497,24.981926883233129,27.573804317199212,29.20746011185696,29.001405726776035,29.802978186759269,29.640148863743164,29.587045621133491,29.626104040575157,29.821765624089501,24.176017107290541,26.036812419963923,22.769555852859916,23.574241571398282,22.067693248453708,24.819801002427546,25.897337560787491,24.044228058813552,23.580771554111188,24.301217687503261,24.513999860402798,25.509191353209502,24.960577785142817,26.085043582419786,24.394615368322945,26.778176619225526,27.218631605199249,24.860619246716944
27.270065009996884,26.313549722145467,24.697945667213226,26.611135793718724,27.719809960283648,27.547900030335114,28.295703742176549,27.92484181946233,27.841053099066336,28.027663977122003,28.632897480826031,21.280985464833861,23.238536911945744,19.072848454866708,20.162748053431116,17.979320666447826,21.652538237403782,22.877800750083303,20.337156805925964,19.542775510537851,23.191077021146377,23.69627839589851,24.351820663489235,23.939509956025304,25.414564302066182,22.971126148333191,25.666560448467123,26.293383582620123,21.855989400166948
28.227152372839988,27.343379427933563,25.861485905793522,27.771570176497029,25.083686635530881,24.638229892437153,26.040926389677729,25.556615271571772,25.98199097489136,26.08154537428053,26.143656378444994,22.432256921503381,24.849860943166853,21.206953581942088,22.046192638218194,20.391137883797633,23.880826260274787,24.790528463758065,21.838606851765732,21.311319744495414,21.660636226735122,22.349636284940239,23.855254695435612,22.794442261523102,25.141713907065082,22.086449620326825,24.870249470739957,26.026603316870734,23.091094159006303
27.946698481581947,27.762627644262501,26.075700309174415,28.033532437968397,26.243654579814596,26.715873251549212,26.790404132577869,26.1856555791503,26.180348626906152,26.37295589152059,26.61187075446967,21.159706973744285,23.169797936662896,21.010673194484227,21.196815751804856,19.683141926255438,22.735283605532764,23.263892468644492,20.496929172417985,20.40045061582596,21.436421087801953,22.292105421254654,23.456084057135691,22.787198604038025,23.998400971962283,21.232784679575424,24.651172421960375,25.29672566438866,21.736513494345203
26.666911493184145,26.126028041770851,25.032414977447388,26.654021098252365,26.528601212680869,26.37487218965822,26.792316544918471,26.580655542967435,26.204751259131996,26.207586842277237,26.153089249028113,20.430006477183639,22.592061266809289,21.185718718991865,21.326717029500621,20.342350646775976,22.558265403964846,22.747261656847577,20.418448071585537,19.785086308698865,21.629269970366551,22.289653696142302,23.414536254601764,22.773555422653331,23.5021110679739,21.270348321338901,24.037298733145327,24.775833936964368,21.29883503808513
26.376302308917722,26.574644265988702,25.481243366858095,27.580477987651953,27.680853290603054,27.757844261228342,27.819124457035656,27.196030520927465,26.316237216279845,26.630758954438882,26.895466544078708,20.989320752665691,22.8034605107716,19.582158264548134,20.961269107236767,18.149573405441814,21.885802367767127,22.74412700032277,20.890295421987084,19.274969553498842,21.364455824527447,21.874359379222248,22.125687983418317,21.813375063626744,23.300943121774424,21.239303486362104,24.488615067595909,24.684936768842327,20.683788119279377
25.371441091208958,24.537808573815227,23.56567791098486,25.245192052765688,25.474721535848616,25.748825833385389,26.244013397054118,26.288964540939759,26.759972145619187,26.687630921954572,26.744230177691961,19.75898834744897,21.474797375493672,19.504017582930807,19.985323612245651,20.563627223403159,20.805429795696583,21.358608969026015,20.050435113574324,21.423755500826573,22.569466399012725,22.641144782543357,23.141061133166914,22.820038992970062,23.82325085895453,22.608305821986235,24.630934076744602,25.006187964774782,23.289929927131944
24.115054472957198,24.864741336467802,23.513858822633949,25.266097637477543,25.872393710541893,25.381090161928341,26.220278307202491,25.757901208192536,25.64530246887422,25.769450437379085,26.041854508643084,22.133843523565851,24.175138563766389,22.040958745224152,21.807253394514312,21.753883580048225,23.378949670999987,24.044054818932011,21.889677511968245,22.741477295472471,23.732879152902946,23.626773102968194,23.855342539604351,23.496312331565164,24.908956120675377,23.905384195493184,25.791508680781902,26.016465533804414,24.760231230087356
25.631794052841087,25.28874060198612,23.558459986473437,25.327494686752758,25.943960078374324,25.481954571307028,26.797417746469954,26.26603850221602,26.551037510828436,26.602078472018462,26.44490040793319,20.853358047312945,22.226296217900838,20.532050371977448,21.466425773220003,21.772021914632106,21.504335967669611,22.134718987198113,21.84187729296206,22.634505278351583,21.914235321636696,21.448160433036122,21.915173998284338,21.499399389335608,22.455900322122929,22.501510148111478,23.487942945979341,23.658895714855475,24.058506013761431
26.679923238444793,26.275545944684332,24.692436784611253,27.286018644733211,25.608231032212167,25.67691728895759,26.015812908710707,25.602664253371024,25.370618600708909,25.471979129418294,25.553459578783063,21.225546707121183,23.247923759962276,19.445251884065719,20.99524390816147,20.530727636819023,22.023608550806358,23.110838415358344,21.317578680515965,21.577275743912693,22.203427493246537,21.750014291880738,22.240680292746951,21.980099041846174,22.89207506825727,22.26254944561628,23.391920801964439,23.839678184073854,23.290241929267346
27.635072106726298,27.14892141267056,25.399254577441774,26.983960516107523,27.519212941102495,27.381752998230418,28.418246781560057,27.881907442742786,27.855493318430682,28.011397154538415,28.101808933528375,19.865464919078057,21.318757613112822,19.027113710292177,20.024819672525567,20.235334389471376,20.255673434001331,21.051842286821916,20.446399311387573,21.054761599352922,21.61070012760257,21.566989223399844,22.44896646848423,21.710374642548544,23.047415254454577,21.940255133531885,23.912114413472587,24.215600639403327,22.865439786719797
28.37592027780024,27.888349301011836,26.504880579951958,28.789511587310713,28.176046253284831,27.998177818620867,29.068880504109323,28.742080161217885,29.040622986025411,29.043960311796233,29.131447270838635,21.417042775280436,23.3905650484676,19.969975369359894,21.009274407074827,20.35426350298092,21.991770115987414,23.205945698491036,21.733957955842044,22.648203908223842,24.594718007911865,24.487240164023781,24.323628815494551,24.346394057093626,25.248306741131238,24.252439130127826,26.486620472530262,26.583156283520808,24.519753634794711
29.247773789841823,28.640504531829258,27.314077402229508,29.451348579717703,28.248887520121137,28.028829015231359,29.16981272304141,28.694125767713629,28.825557084657198,28.859264449632924,28.932459042463243,22.278482902704653,23.953362039638705,20.234580940263314,21.132921591764458,20.8662652757926,22.61570901221306,23.619428301387565,21.963204048610933,23.862284232434604,25.579822085485517,25.328691279749719,25.397400851657878,25.374794248691302,25.706282935563266,25.200392374203574,26.894698360079154,26.96386609377614,25.565320798485644
29.273696924544865,28.940769786293721,27.411426312921037,29.600702997845026,28.513264421486284,28.586735452949902,29.542447147805781,29.184542926459223,29.644661601221408,29.667393976014829,29.762958841219955,23.205301320299,25.065682699581217,21.698700824243488,22.25912625518297,21.733188694322145,23.657698059512455,24.694711168135747,23.222032044145344,24.814401302319446,26.041347559553756,26.058459726649211,26.093630566718964,25.99946922496175,26.919660097422849,25.391555229442069,27.561677456501307,28.134334536653625,25.810811240216466
28.966589797344746,28.423326699217149,27.24005198322989,29.568927997949906,29.339626293126472,29.340952433902153,30.402747523360794,29.911592188386862,30.210961694738849,30.247769850942383,30.306655417759259,23.913749267104031,25.728904334898083,22.379355174486086,22.893880982039796,22.492945064297452,24.565234250227697,25.43706762624052,23.749615504027467,25.9453394455766,26.270836442858801,26.446375745481191,26.554579998980259,26.316164232472261,27.635153253970202,26.014181824685103,28.571203221276065,28.963213195447572,26.367864529080286
29.350723302800276,29.001125412433268,27.693397355745887,29.791245355562744,29.265095947884937,29.294925456547411,29.730173806615191,29.347211122593166,28.977529300027555,29.291442051612762,29.183224213950211,21.536752706795248,23.584334425449249,20.13177378428778,21.835856954804861,19.743591870432461,22.786198785442139,23.659509242362844,22.584127716275191,21.176196711843509,21.249846664197285,21.86676452237441,22.727624235074046,22.058710988760922,23.464304216184118,21.125794460121377,24.068337668607455,24.682766839498484,22.403966128287571
30.162971942965797,27.104875053559851,25.378039594164811,28.528876607265666,27.684046588166993,28.261441040095605,28.353280584255884,27.816305928341855,27.85275273399818,27.945599893451025,28.259610277232063,22.525653671259562,24.789698197774229,21.806785517494539,22.298529386969982,20.863523563344039,23.828602657222703,24.67715451957357,23.157311824857352,21.55104221177735,20.97357552364965,21.859856795868531,22.698566824021356,21.817644005050823,24.145824630333536,20.959850009378975,24.709915191432302,25.415510619928845,21.416788974058818
27.02234926403014,25.871997784645117,23.906027236771891,25.750470700665005,27.179242314171255,27.861201045869777,27.706651755669654,27.330615605637107,27.811151542892311,27.967667611032979,28.242489580957731,23.291021399316385,25.446540543483678,22.717009681014346,23.204856873317553,22.588044985660318,24.607286685078869,25.275410684417587,23.181524588673483,23.003668878318194,22.407286737328171,22.889062227600988,24.244875922983887,23.553737706926249,25.037697089477554,22.403298533434018,24.676706049315818,25.969993372620522,23.627199048514989
28.911335969221575,27.874748613311347,26.605781532218963,27.989711656547016,27.234608260761128,27.396062476013363,28.200276445374548,28.125298546321623,28.8618335139832,28.935505009872273,29.257277459530499,23.261430441781229,25.303512960885797,22.331294212096665,23.139103100464375,22.441206364831046,24.247681996871826,25.197061401778903,23.221099552300998,23.568285584502227,23.837268723057562,24.070139543425007,24.448902908511833,24.104296984097665,24.661286901247117,23.892610880392276,26.026574401070654,26.103085392382241,24.488580364467829
27.275306089369607,26.916808923853957,25.103932606162076,27.495406319524136,28.612367989033892,28.368098459790978,29.231356869892004,28.994960803027539,28.80967434768079,29.032829121513629,28.954438894157647,21.353125676531114,22.394819904460434,19.607446869044821,20.730705061303254,20.054233799036773,21.464147284646529,22.088016079194993,21.015792805502194,21.165760927583761,23.825571973059205,24.022718092680762,24.351318031105961,24.143808316995774,25.038984901246906,23.262868541868173,25.607968208454686,26.205340843393444,22.991160106278052
25.04124689554461,26.403001663369075,24.671797381444478,26.288862847567977,26.629028067415447,26.151742962910745,27.245165282562517,27.070437126902242,26.960678840487432,26.99708204594598,27.058691378823561,21.555081558923156,22.30871724788615,20.98663478524017,20.013743186314443,19.287086218134469,21.430797932352291,21.839495263324999,20.296901403530519,19.426298210284983,22.101457225793389,23.299962826875756,24.383565461226034,23.64967453747672,25.099815940258814,21.494415314689334,25.133102530321118,26.221909300937519,21.273061680728439
26.836314671421576,26.075697718971099,24.567151450546653,26.485521766891637,25.802171652219606,24.847200930042121,26.240616837807856,26.400791320610857,26.45947751297961,26.287790093513649,26.56341642854742,21.10523254616205,22.769076402123574,19.447033415126974,19.50555308260008,16.770965811073999,21.690010789762205,22.57922801788505,19.885491453993836,18.669942516012902,20.00678111233848,21.476558740663606,23.344365335023255,21.96655507811225,24.464118326537076,19.856016304285575,23.859350142401766,25.466986973141005,20.299588410454888
26.77908865964887,25.612193107453805,24.807994236580178,27.269422520222896,24.534904262548721,25.090379315785036,25.283575312562085,24.928034035130011,25.585184887286168,25.637458031953003,25.979848121363517,19.881860523003411,21.883566540671318,17.82893971705635,18.596763077357878,16.5923077132625,20.566529411584085,21.801967892337252,19.493650380985429,19.603489960647806,20.231455138335242,21.358662658368331,22.646982255742749,21.563553573219082,23.638671066952021,19.997507118768631,23.756106670216269,24.783672549709244,20.278860985319483
26.091580460019202,26.945374080401493,25.249896369188711,26.697059298444842,26.401789678833424,26.063943287315915,27.472402818986829,26.976654416705301,27.429096342950203,27.582934691463826,27.922112899923953,22.061485364010565,24.684889768286311,20.32103311654501,21.365594426637273,19.670529140858662,23.425049815822987,24.561174023363371,21.420333114541329,21.277732876915323,21.205647374961863,21.998442468619309,23.154547332038312,22.349843976566447,24.208261340089912,21.163696848319688,24.147704668525321,25.369940199650038,21.945364949750733
24.467368827262561,26.486103438226827,24.437250829628525,26.105300129166636,27.225438298109353,26.757087182539024,28.356022075296764,28.375371167942902,28.952978404541518,28.8695810604424,28.990192739885416,22.84821311690709,24.788357417273403,21.237674100335312,21.658859227822866,19.756444109447493,23.756141181044988,24.58503351731914,22.019753161795975,22.396148730917858,22.34526566813684,22.727610042025574,23.094475966962769,22.892609796964571,24.136486670024858,21.970412173998156,24.879803393305423,25.661493747421815,23.424409162412296
26.450422521800085,27.321322823078184,26.126759067949457,27.304305772597083,26.951393339562934,26.940481487816847,27.400561081999264,27.093740935094594,27.083170217707163,27.251727173266097,27.40467966170413,21.211638026121008,22.813135955541867,19.136414696755381,19.165371414448387,18.205902253733967,21.028824610651519,22.229369500485106,19.550554665551971,19.036936805501554,20.562628485035297,21.469031699969605,23.535515304262461,22.367297420270802,23.769605465267396,19.990777968018037,22.899749291967623,24.638320781958754,20.393174426322865
26.063961569842263,24.867008513551738,23.115416341851919,25.72708395956964,26.286981485716666,26.659966880531229,26.677737818485873,26.069837721884682,26.342706154152658,26.454374986987325,26.673245015090039,20.12054375280529,21.789401017756482,18.677884044767929,20.591193620523882,19.735016035674967,20.872150843096378,21.623268437371649,21.300332252523603,21.313346947042199,22.496936349051623,22.866933168476642,23.497177611443313,23.080717899397207,24.550724291073578,22.333844980376668,25.025376963502275,25.986859007620581,23.277139169350399
25.348534414040913,26.208486132086286,24.849136481077259,26.193714571073272,26.591179358564141,26.425665457752224,27.419404247725055,26.897607699858632,26.903614992061357,27.201857529305784,27.480770848763918,21.497399479758094,23.259959887665239,20.38323475646925,21.477776684178593,20.769696262611731,22.124253120951899,23.13047422504259,22.130103151285361,22.86713376870653,24.072813955488826,24.377047035611554,24.995253347235966,24.795622375140383,24.790585248577898,23.518988378322717,25.42292293027284,26.247633575470935,24.616685915490372
25.609069306630069,27.373425772762388,25.834742708754156,27.33326286141871,27.969019444309488,27.826600759571527,28.851448196100527,28.514516306518544,28.724365079395035,28.862206829928006,29.130580804962648,22.329905406887313,24.17021758785426,21.030333491653423,21.753622143680552,21.222073729604269,22.984453306956205,23.862117066308166,22.303160723829038,23.031494496069755,24.338948185837232,24.882624888422299,25.992218021835946,25.5868048975262,26.052564527041575,23.818304673662901,26.06263986329099,27.280606001315633,25.178268510775759
27.451426934971401,26.876641282407704,25.879301860461226,27.927418959612005,28.324966164777948,28.418049022019005,29.132550954417539,28.600896257049563,28.919343197830138,29.087255790559176,29.306702609573804,22.686287014427641,24.41135562467425,21.871891492389828,22.128025650082222,21.806160619462979,23.559792635072483,24.184812287856154,22.732054937390792,23.532719493273198,24.902807194825925,25.274567441561317,25.936934281284984,25.685041998500367,25.887241205981326,24.31539801286079,26.578932537945022,27.275438758279869,25.163517342927086
26.71195277065636,27.311845156257263,26.031774053480007,28.464463248912423,27.255008985451688,26.776152780538837,28.331866621466425,28.21432180389418,28.842432223589846,28.766758048684331,28.909821481493516,22.335657342824014,24.194354056588693,19.648284669100576,20.474595550456918,19.299368526508765,22.127078374207599,23.485126129214692,20.782605976504748,20.55619079016158,22.948127693106407,23.860492377436792,25.416384957592719,24.201187682168452,26.578804533442394,23.142828480094352,26.758213870007694,27.854149693553715,23.292289737608812
29.052488155702974,28.054050796335773,26.786155134776678,28.949042935847714,27.15764142111874,27.106695791577003,27.708550517097912,26.343910331045478,26.514605855379791,27.015684216379299,27.255357042274127,20.550075719500136,22.565810152228615,19.43278555394059,20.559820930279166,20.172372079095773,21.355193628299659,22.344547741785973,20.24777425394106,20.410053953640301,20.59109962002492,20.736204509733,23.049612703712718,21.65408232666514,23.239864869314118,20.847938828131795,22.54485718639588,23.910017484180301,22.209369216809371
29.505444208246004,28.707095901655762,27.513332647338899,29.516884493347121,27.322000986901813,27.408003864876875,28.195564800061852,27.649142979808879,28.148833589143486,28.24760518021305,28.435390523549607,20.724797196548856,22.459853582020052,19.19833329682308,20.809210401881252,20.066133520770954,21.525228162744156,22.417646522875998,21.461389710681111,22.142719006937888,23.21060172568145,23.591233595463521,24.549385809606548,23.91296073728293,25.100731806331197,22.73426226606324,25.416187964489296,26.347273742197558,23.832779242286144
29.9743017221546,28.990073594543212,27.881906060135869,29.791003884869291,28.384937602337565,28.896252820072803,29.364957499955459,28.68207958352756,29.090866400633352,29.282538535175064,29.637828407567063,22.954670089885937,24.667234981368907,21.076822292995239,21.484458804070691,21.600178736788394,23.03757498704632,24.291646159474034,22.21181716914738,24.397872137175952,25.005459573978996,25.450918910330842,26.707912906885255,25.931947510460112,26.655287723813771,24.453840893317263,26.979492840419304,27.973609161356613,25.855678026761801
29.415047879654921,29.40814761821192,28.051231996261208,29.722749165116568,28.59704162878247,28.825887582234913,29.64149074081871,29.267088773067677,29.682326531786636,29.781789593867231,29.959407129873583,24.228426859917882,25.800700747743342,21.926867485286884,22.639011738740905,22.695083370681232,23.988686246552973,25.17223451649074,23.544527963850975,25.567647554092773,26.679719290560705,26.915629475775795,27.693958020478433,27.287724151221013,27.453774710431915,26.043722329441373,28.126233348091475,28.868895699403424,27.031410280438308
28.628843383682835,28.925101115072948,27.487499842384572,29.523931603357532,29.037171237052618,29.017562594363085,29.970502413045445,29.021506637266519,29.27942539545186,29.638417764038884,29.967239204218593,23.61186908688989,24.973430313484585,22.353590448965363,22.89926953200191,22.701094825352143,23.755560740963688,24.572345094335283,23.366692074956333,25.208136885869884,26.028431666727847,26.060041762720324,26.325001960843899,26.422239068739124,26.384176390068632,25.491456392508852,27.344485279244651,27.730965927374655,26.370003112893691
28.399585288353371,29.443647283848392,28.374181243033497,30.244146715686291,28.591394201310038,28.631271083842805,29.509958735478364,28.778325265454285,29.153517314511738,29.44725925043884,29.848071218143261,23.572799984707366,25.228494327789569,22.213247785454996,22.808180582109365,22.477632414765992,24.124669640998192,25.015257404651535,23.120133772207204,24.791918689608252,25.415121218725126,25.634141018045078,26.361957270161071,26.034276351559626,26.203460422948503,25.038256652074992,27.093827246467391,27.680534944396086,26.287724062290728
26.03041627576615,26.1345803222912,24.92716097095218,27.416884625784498,27.549033676457483,28.132901470261586,28.478093424203884,28.261464501303664,29.18778305209932,29.016432258502583,29.322251062920941,24.525149249638197,26.846801808520489,22.639455739405285,23.815677717427029,22.683311065305894,25.439901796827989,26.622769673341516,24.07955105806856,23.914226155139886,25.098417611195586,25.456025542932082,26.741387456288109,26.021289014755403,26.601205968349738,24.507911987760991,26.999465862278875,28.026476855603185,25.682955145533413
25.965688512340414,25.192672575500708,23.617011066488381,25.604758516527447,24.001627217868666,23.505556883043909,25.017952223137399,24.983332574633401,25.477501365290927,25.224330020944102,25.423809226236543,23.790407511733548,25.852355371487377,22.487060239592608,23.228435191345561,22.541951317526795,24.545149230159232,25.571083072003802,23.146508602904227,23.331368871541038,25.386751796401946,25.352258408507261,25.757772660194817,25.56150810666179,25.762877521902766,24.679047625107543,26.474005323518909,27.245768373303662,25.507705563018774
27.617684166511587,25.96043158723473,24.573725604628159,26.330302357187925,24.978351743244971,24.801517161526569,25.498142024982641,24.834909356175842,25.357690993544466,25.523981473288543,25.637603006599733,21.323334037199189,23.174870793381537,21.02927847542427,20.731404768366353,20.263512826929443,22.322736730443587,22.881218100501528,20.830241349801987,21.578249118362407,23.826050542924946,23.818038840836195,24.69683675685225,24.136627981685642,25.030353769778642,23.272627607274536,25.761634572758808,26.338095850526564,23.882306299267611
28.77902316275209,27.786929930209958,26.730361437341443,28.187504163677502,25.470529079791284,25.703051501577896,26.080343432693972,26.256419190176295,26.288827393703478,26.431306952269793,26.420458066629102,21.131167767671982,23.254799960590169,20.731011233039069,20.851715717475223,20.037009777500579,22.529938872736608,23.213845665332975,20.898941540150005,21.236933525985862,23.856489831821129,23.958003683353319,24.47181662122108,24.208550836403347,24.828287398732691,23.026854010428089,25.588781045943115,26.241002929547086,23.708205286498767
29.520878292051727,28.456304640847428,27.254549532200265,29.001460482620594,25.133519323577914,26.017903599402473,25.480191007634204,24.096293988043421,24.280695168964542,24.682135356420531,25.192320680458863,21.736369855823078,23.637738993645982,21.456610877047886,21.76873085147799,21.127519084823042,23.188707737796825,23.611826512306102,21.626354788607948,22.953230371363759,24.518876032054983,24.911474574980808,25.519140089936066,25.265356545899337,25.895276357189424,24.038304062222849,26.562193101387614,27.189336429224618,24.906626005671939
