c0,c1,c2,c3,c4,c5,c6,c7,c8,c9,c10,c11,c12,c13,c14,c15,c16,c17,c18,c19,c20,c21,c22,c23,c24,c25,c26,c27,c28,c29,c30,c31,c32,c33,c34,c35,c36,c37,c38
7.8096910916451798e-47,2.1361879350424137e-43,2.7710751401745544e-39,307135.86475580453,11767.506176784067,1.9249779730704779e-24,0.0067976798098451918,1.4286605225479534e-38,5.9229498846990023e-41,290685.3746186315,1.9374613733809142e-23,133223.95287361977,2564184.1546910019,617553.73202494986,962997.162607415,125965.8169325624,213121.69067430001,412325.13910056558,208037.49390999496,179496.88815964328,500073.53953951667,466487.11319586961,48126.536169093168,1949.9078212907464,12258.022361307749,0.0037934384102611927,1.6855146103129854e-39,1.4716857092059744e-48,1.086298584569152e-46,550153.19840463309,560480.54410037003,2014429.5175774868,491382.26876611024,112159.0893635823,24456.077569471079,114728.61119899797,1.2772391490809515e-24,3.0337296885214814e-25,0.00056095710664937895
1.8668663818918727e-49,5.8099669752384617e-46,7.9019990949234002e-42,198409.48247779143,0.0014147503289686496,1.1703449842649157e-38,5.108303381492283e-24,4.2245561004206169e-41,1.7864276089680009e-43,148246.15433615752,8.7140566967774897e-38,42227.594784025605,2092086.3951692421,503988.922180906,718908.64187728195,103396.07329173092,176115.98528234061,336389.60164665536,127603.50031262386,121546.38562571366,330721.70461221965,336422.6781526269,24511.319291655222,181.98364373737635,0.0014594293099679701,3.4864613391327077e-24,5.1989046073598907e-42,4.628782861680198e-51,3.3242100382336281e-49,425048.52128567523,451077.79644231504,1630726.2910156958,356684.66715778079,67512.001117111693,16114.268178657379,11092.133422812112,6.7907177038299826e-39,1.7510925611721183e-39,2.1657608278853305e-05
4.4132253981828314e-52,1.4658447322811779e-48,2.2661482539072816e-44,101600.68135192769,1.1544984091631094e-24,3.5841382430414188e-41,1.8515442778859776e-38,1.265987047497356e-43,5.2728762688179533e-46,20036.84838266093,2.041665180131525e-40,0.0050440490861135123,1688221.6320876218,400690.95103379089,499288.8151369798,82662.629315126294,141604.06532727764,266864.59889182291,55373.85992023399,74493.386778251181,177417.65277953522,218223.05352965623,3301.4208215626841,2.1936288253797386e-05,1.1580493827826553e-24,1.7656296183268238e-38,1.5658903691453964e-44,1.4576603112899247e-53,1.0363675034836719e-51,310263.706335244,350648.58811008523,1267766.2837020303,238324.96534293119,27455.826259578775,8608.971588174014,0.0013339686089119055,1.9912929292996178e-41,4.5514037178098326e-05,2.0611512581862583e-26
1.0828619367818728e-05,0.00012388650371732049,0.0003260984150498095,28143.405566722391,1.9868248395094177e-05,1.2226537739260691e-43,0.00039732376466684974,4.0864868695363829e-46,1.7414805174396791e-48,0.0090204089739815592,0.0011342382090755874,0.00024178225655844461,1594957.5451466944,332322.95982657844,318392.4745671394,63846.287458887164,110618.09167234055,216197.79331498218,19662.805694426701,56259.503236757148,44077.38464182982,138467.23476092785,0.00039657567279735838,2.3518165326693537e-26,5.8860609349284197e-39,5.4223220771051894e-41,5.3268806054672094e-47,4.9486793256664609e-56,3.4011378714471892e-54,204654.95265259038,259046.96410159575,956764.59334941255,152606.13418808795,18787.601543783981,11613.606096417408,0.0062929957955515951,4.9379514228275727e-05,4.8884805945075665e-26,7.8513514221278309e-06
0.0091779504532497093,0.0046394081761023378,0.0052231417704826835,170246.95232126515,0.001831866856513454,0.00084178326332441135,0.0048166790244324239,0.0024369880785217266,4.9407058809079869e-05,0.00089570217997228334,0.0035849939965360649,0.001011743558632694,1324549.1722012553,259838.04523530693,229613.54344327224,49845.052539675882,89266.418518936276,168362.91747185611,0.0030142887804977111,22188.704112686028,0.0085647127886415691,54929.07356193335,0.00040341815459887592,3.5742296233469068e-05,0.00028998115236959841,0.0038754763688306822,0.0023532591362523036,0.0040515499119393918,5031.4813973935807,166700.92765264498,202211.28622894784,767744.55842499225,83427.778060970712,0.0026075996541337523,4740.9598481846533,0.00071021581924644557,7165.6189463642349,10145.927786827857,321027.25590947008
143677.28399697691,129352.71717852732,214525.08168040778,928910.71517388884,384337.47272832925,131627.80527134109,707005.88887425396,201038.77614025428,4299.4977619891406,577800.3411212872,1118685.2869860374,569666.02599106857,3726420.2660504226,822327.82811031502,1620696.4899361909,167132.47630868451,292487.1789600249,568869.88081555511,438102.43055452273,294954.02696780808,902305.976650586,902484.10643595934,147011.63923618128,10639.888859255188,91382.504144511229,516904.4376877115,113885.72867769173,57121.909363069644,22483.376399249159,674048.19375151535,680713.49542721047,2263269.6123779295,597300.06959245761,221859.97908002534,46921.663405248946,564321.13855161017,159269.80154838835,96361.559338187246,835087.21842401999
5978.1052519480872,46350.96311605299,153500.51019843892,795304.22648584784,294919.23831743601,93361.874464682391,557608.73846522614,137137.69465312175,2073.3110041347027,496977.65216115693,854768.03889535542,449090.33013069548,3285139.6964365775,729104.00770463224,1358974.7035801171,146402.96259631641,255814.52284123312,494409.6915203695,379861.61549979175,249846.7199477448,727265.17459139344,789504.50636681519,119577.97028586845,8196.0379971916736,70106.873832805082,356493.21787472436,53086.334411574797,18442.843050022864,13107.672447651132,561894.1666466631,585702.66891993792,1920172.9074404414,483578.68885183742,182651.33219178417,39464.780648981105,444622.45947575988,121116.55361974519,76690.968235685155,684707.43712637201
0.0065023856332889944,71563.105460926381,313672.20750852057,1311850.6713206286,582006.6296256216,184575.11205337205,1216224.4623292314,271554.67205356096,3953.7557265412979,1342785.4380850699,2107288.3982439758,863490.10335234017,6096980.5476442901,1374912.2141305509,2702057.0033115083,262640.48717999907,431670.8284245379,851034.95042205811,882666.9744723629,636808.78621007653,1623488.1366951563,1504820.869649899,225206.50705794932,14533.390308287826,123444.37559705257,585131.54697317595,94547.390695545677,9649.8859608167568,8389.152779111635,1400557.2268240768,1276095.2879922474,4373731.4471763643,1402810.5526600685,482099.96907435963,92824.24390432956,1102560.6171098377,239969.90789976015,120084.91173435072,1213205.5316213858
0.0029623208392183563,29090.412767579222,286556.72410579497,1245967.9286395705,522971.12195662019,166891.86778175877,1132968.4151039706,255039.03574908889,3586.9089143481287,1141553.98554774,1831618.9981553478,772977.09710779449,5713135.6162245991,1312982.7688345995,2504819.0740588964,242686.02415624732,394187.7178446133,774482.83619177423,752979.59793398844,550329.86398445303,1463593.9225621773,1343304.5566967987,204051.62419653908,13705.17268986901,116526.47192482972,569077.2025524769,73068.496031103277,0.0026983872933358348,3597.8077428887195,1262638.5602662782,1168031.2112547294,3938895.7916084416,1233957.4779063493,418493.63561337878,83757.046503251171,975911.60225271166,219417.82353352927,112328.80479529023,1121885.4956932066
0.00050818123330939851,0.004511121333922315,279557.73386152496,1373189.0465661411,477760.43392283114,148590.09851492912,1090711.2679168251,230986.64280359974,2953.0733096926051,1336044.8922804366,1803755.0587265757,705361.85408275248,6233327.7662727805,1583431.871912492,3044333.3464539079,316077.86959694599,543144.95339156047,1062542.1078692498,812679.5631421369,734638.78097898781,1229411.0649931487,1165078.1133290564,173727.49936641293,11382.218769743589,97154.33424104251,440906.69227696152,40092.039925192432,0.0001777675880159511,0.00043001887464666597,1330434.4280813583,1397276.6298185315,5319960.8684515161,1749738.5776123521,577846.54882990185,121792.29718637973,1248442.8525627083,235028.88708168498,136870.70345670194,1168982.0329680208
0.0044057051692162497,0.0015933002164616329,245066.45511392187,1237664.4736958037,421537.94607056852,117476.41829894592,941143.96178634337,177733.41143497662,1103.7787545764209,1288048.7914470704,1576039.9967827706,658358.89603570988,5896434.5695292177,1547066.9271532781,2922162.2704010387,303896.58194609231,515848.38270809315,1004652.995368138,775776.11736305605,672547.72610736522,1165650.7450924313,1147637.0151140073,160983.29721761669,9694.0414191896798,82720.428961236132,298824.06015738705,0.0056919824328686636,0.00099793162349332649,0.00021346465937580067,1175596.4825608868,1283958.8221857494,4975977.9901749091,1585172.2421107383,531900.04649639956,112886.61907206902,1161812.3783368815,206251.49945043903,113889.78981328099,965189.23984593444
0.0012388008176981804,2.8332255490656472e-05,175321.06920962271,1043157.5981734681,324810.62194261805,78615.257578169563,746789.63851344807,111089.46164164612,0.00013151078747012372,1073809.1250613828,1230432.3083200967,532981.92318004253,5198385.7852358893,1423386.8583719584,2591723.1520183287,286109.73319153476,487591.28514990211,930430.71028469666,655683.1432452288,593220.54856633395,992626.77713661885,1000142.755001519,132910.93924364715,7388.6165664768505,62942.226935450228,158505.06978026766,3.5026275348336443e-07,1.5976576548668551e-08,2.820073019632006e-05,1013283.3359898988,1212620.6093830077,5030031.0859225597,1453242.6399037058,489071.62246674567,106594.46720113586,1023094.3066223167,158758.55866415359,90712.104728766193,773840.76448906912
0.0006858160481981679,0.00015754106912644166,114011.48234489663,860468.21898226044,234282.87515774809,43710.461473796451,565238.55446002004,51642.87634764822,1.0594193559935873e-07,1049133.5856056663,903360.79977291427,403176.88543764519,5094132.5416933782,1337780.0088395206,2219082.9736772962,261666.25708710472,442606.91202229424,824160.93954532524,545288.70303510001,525514.06343162374,780505.24338861858,820975.89694182982,101097.83215657632,5074.6626435124936,43042.976038815963,34152.379959065191,3.9729541768699901e-05,6.892544762495065e-05,1.6022582631603973e-05,1365507.2269765784,1308246.4042175573,4879113.1337478943,1308120.8757003227,418955.16252335859,91951.133843961346,830269.55280765775,116414.40137570705,73041.76055809937,601792.954782382
14976.286077308732,48636.187626247149,119021.89230523758,849577.93708383874,261821.68399214203,47597.878040757838,532808.3508049777,80547.050575722504,5.0188378927876945e-05,1421704.0411382238,981723.76335161191,526121.46997112769,5036191.7321586274,1320428.1216140937,2266645.6205494758,264255.98135197361,456554.93361452402,891373.8536685342,694078.36121537909,646939.65959553968,1122710.7794140631,1073781.9963722962,128249.91971041488,6818.3282701519129,54037.257023746017,92614.5730192021,0.0061751250721477618,0.003860006218189656,0.00068201676714683447,1344823.5936305767,1291537.8104021705,4980971.5668774592,1524056.923681163,506896.37878336478,112818.1392337866,963483.68045399082,117416.45389643943,72247.568192288876,569298.47936824802
0.0079679249339954586,0.008893199802816637,120957.90218237908,871651.85605467216,270001.09742759186,48912.772175748134,516544.77657879138,78161.647505170316,583.32933975163292,1411013.1123052523,963093.71182329685,560346.21791850612,5183003.4649231667,1308600.6862656455,2267092.1152682547,257214.7932072281,436170.54420638486,862535.95058482746,706927.35955657566,636914.46829941124,1380487.536707707,1349064.5773215324,158426.4418593001,8079.6182370372771,61143.000496747765,73421.52203830416,0.0049787649870549431,0.0012559553490249608,0.00013749006005326747,1531722.8359126826,1367468.1397499754,5074578.1779082259,1482463.6565757603,509575.43469595042,115854.17869248005,991450.96598293714,125304.3153686625,76920.411499789538,616153.50098611659
0.0028212948174013625,0.0042242664135319508,119252.6799854486,808567.71854203299,367568.62508376618,87230.929109200733,674839.98798331316,166212.97031007838,2423.7746884552721,1333972.5075490794,1111441.2850778669,729994.55401627359,4870237.8270571567,1247993.5109251607,2183846.3784918268,259831.15732119212,451995.05618776678,891491.53107420763,682658.98981524003,637021.60338124237,1585116.1031907622,1439524.6740383524,186061.99330163785,10132.211347224145,78357.696515361109,146217.4508016746,17461.145308217947,0.0015537840218576692,0.00012990202841910994,1459800.4372813958,1337375.8174417755,5010465.8111016722,1531876.4305133882,517917.83815296279,117721.42147408969,1004301.2302383308,117690.87105423257,68878.0166122683,564174.96785777132
0.0028487441797622054,0.0022494309081304963,110014.68011575425,817364.13743652834,389543.8516165567,82635.365750227182,674698.20546640153,163997.27824555506,1763.9457389525937,1259411.8906162572,1041969.5073246794,839439.06108531985,4340772.7328426363,1141374.9240777509,2061924.8681936797,242934.24233017353,425674.24554603983,886030.59093091171,654429.4023466364,625128.7350614043,1605756.7299221684,1428473.7463133265,182413.57759782104,9525.9646666536482,73875.322367143584,68659.212249785196,0.0053635949835943381,0.00099713734935781627,6.0849538665800238e-05,1306750.5932563655,1222133.242149411,4692763.5926089967,1470030.2795212893,557631.26353178814,140266.80007726484,1106146.853846095,121227.82373702465,81431.592341250027,633889.55743054999
0.0034416142978370623,0.0025641006061995716,61125.651916136558,682449.5939670573,327211.04246980348,60619.298790539084,538250.44742056064,122212.95319927909,520.26432135216021,1042018.4937568858,768735.7122835262,732440.00427297247,3771758.1791468295,998899.09073009843,1744066.7770932973,219894.23265717959,391450.74725216016,803299.01078491006,540940.77331107552,538388.49794727901,1425852.5573966799,1278221.4354120868,158446.85865246004,7919.5612571791889,62521.834770888396,24391.300406899041,0.0020323818229537808,0.00056132732727928519,2.832127461568719e-05,1124411.9647349732,1070789.3496761553,4252406.3257760964,1296510.6924159552,484962.23845978588,125133.83983141284,926461.53337592166,87047.116185783932,64995.908083915951,500820.21268804354
0.00068875258019085689,0.0006697746400455459,29859.976547961138,615380.73852789146,236843.40478612983,29339.247522717626,380176.69672485173,68832.334308543665,0.00017445770919016321,894205.89366284141,516617.43521491141,585339.04089431057,3822439.3148970567,984349.25817439216,1603276.7003787572,218099.57758889112,393567.03109228774,805806.3096120049,442189.1337465237,490535.00723755604,1202496.0281889276,1093678.935505294,124507.54068967921,5555.9577861152829,42702.871561292282,0.0047836439907803108,0.0014202876681789108,0.00018990860015465766,1.3073605186743075e-05,1354318.5257146803,1141707.138159628,4150577.710657848,1184148.3641876099,451979.01175850345,125121.77526175298,845783.6491135353,63029.916960573311,48972.246181411538,429339.57863792632
5.798234452932428e-25,2.3938844470380962e-05,96333.788053766053,560547.4517720429,226076.72439665115,16896.580429711063,417129.40238031605,32841.751909114995,1.2869545838041851e-05,1152773.7015044603,665393.10291167081,534912.07442931819,3484230.4178273263,864634.99184322043,1463174.6915069958,194016.34109289147,354322.96258147986,734292.16726102913,456619.40803845681,512493.93328703888,1093228.4984121122,1072997.0931979408,112292.63790064416,4344.0700511453142,33006.177200192644,0.0018313671249485432,0.00033327941459282005,3.5137444694140282e-05,2.3433834668678506e-07,1335264.0015478837,1070750.6029094262,3910560.4971931358,1217751.9634527327,442189.82875552919,116151.18112310139,803769.31068520446,76220.868956908584,40475.572799136149,354212.02693911304
3.7406276448117443e-05,1.9725156367431748e-26,49922.397337472816,558737.1063036666,153454.15881457087,0.002060957648363487,299583.14509283111,0.0039103669745914381,1.2341547169176069e-26,1226834.2857161202,570022.39983854257,413079.70164508792,5138504.6562965764,1154564.6039537147,1772007.2121269503,237733.12748114101,419893.53528306383,861106.30233373935,495570.53326842678,610383.95220701466,874659.23753592279,921305.2611043069,84655.912707372467,2415.0402544656463,16709.260664428366,7.2015791833618476e-06,3.5003561815680319e-25,3.8514821968105101e-26,2.5499023949837868e-28,1581667.8322240137,1300457.3285510316,4806948.2442809818,1514946.3725508119,527151.2786743748,137314.42444961215,909913.16973108635,50306.379079050203,25092.784840258581,229045.39658432989
101778.37219811317,105297.88240873859,194623.85655762017,1273230.9027375984,363580.10428548633,85730.621620596648,682750.07527506736,157134.30141418576,3858.2769040812295,1337878.7892653903,1162965.8237055661,673125.87051309436,12878273.429421337,2000804.0519802645,3070626.3838369674,344690.52214730741,555746.99222808913,1099270.210616495,653031.69516340503,725461.94599726365,1237657.2090038601,1113593.7173343957,142834.49206161086,7821.203753103614,63384.97101893089,356642.69133973203,98715.277305639916,57664.85403061664,16074.258854519358,5370635.3884258224,3226779.6813037661,7393571.0492068827,1846772.5334002341,656890.23859692109,167444.4597652693,1355817.4229590558,170054.85152887012,96107.923810376713,786840.43538669858
0.012164956262391197,24780.949274964529,132213.4343276874,1107946.1760325213,270841.07268379204,50226.372872559223,512031.64636704279,92993.57209654944,1680.4192569035704,1118192.1877818466,844625.74399597093,536930.78736572107,9616847.5242730565,1775456.9936365411,2654597.320677395,311071.5020936447,498583.93273768877,969389.33689253265,533702.72138336918,621374.01815964351,1009786.5750518362,932653.15246548993,111222.99835178061,5476.749988274828,44217.059087045309,213231.21382650558,39906.477012371564,19151.49463062287,7448.3558285469508,4095765.6265261536,2347257.6946636545,6561004.9530916046,1635414.3975586488,564502.25915982807,147517.93860834808,1134955.2066091823,130595.23703295628,85325.09665401699,647357.67712015286
4.9047806658197758e-05,0.0029734604652809308,76706.132668584673,946730.36496575561,197640.47292435556,20943.71644443486,380798.70185597998,41681.740870422669,0.00019887849394827271,932723.60093440511,592619.90071764786,426641.4492146828,8273159.3243685402,1609734.4218629284,2331955.4367293529,278158.91354464518,445012.62890270015,862913.92668898229,427225.29925001255,568773.27813154028,792460.60740400548,772822.65883797233,84774.798845793834,3561.3390421302938,27485.338513358409,81919.024150802565,0.0047614828747130989,0.0023990132108103602,0.00087926117169637185,3147628.5471246918,1953443.7686727357,6145243.3162783068,1594539.3479092121,500571.92262377852,131092.30728804338,985429.36534239852,98162.781635355612,71869.771103992229,504826.60952397506
1706401.1663294798,1159273.1031544846,1107756.7885949349,4592259.7498925701,1685183.1763799142,695943.15449490666,2881503.4092747341,1226645.1880437275,45718.933286689964,2750455.0777049297,4614101.4373107376,2350179.7210058798,27943693.06544634,5166440.3467924921,8704291.7068059128,806197.38140746125,1212385.8980152889,2399506.635360687,1574751.951982039,1352622.2568430051,4395834.382176185,3789665.8927774867,592129.40288639511,44142.785365803633,370191.59631741175,2728527.7772812862,1029035.7810819206,379888.92242841382,67343.491644994341,7710859.304753446,5465089.1282288963,15212847.757645207,3924562.3824732723,1185976.7608705475,359924.55548061477,3017558.863934082,791006.32746858126,460256.21251034626,2931832.9881655788
3561803.0564038176,5456551.7516162544,7194051.3212136757,19824765.243359793,14000745.64485267,5846816.9124705801,24444877.028539132,10340942.025469776,356232.29199074779,19487539.872689992,42985326.42306219,17959099.749939129,112180395.21420173,24002452.996331532,52803899.314330593,4053758.6237245025,6628753.479390529,13631771.773579592,14055248.49530522,10418473.796278965,25099654.723744247,20001773.395526838,4050826.2092832793,371690.15761421074,3001209.835977714,22290397.024568815,7169841.5101599721,821948.2427604855,116616.84615525711,20981949.382485922,19180848.923968062,62128129.50607381,21580763.011622299,9742476.8403817676,2002896.8996437315,26595211.333529565,5133255.2678031232,2260320.8084638659,7949361.7964657899
3518891.6270586913,4626157.8659243397,6302032.1143548395,18080702.599443551,15156313.077411333,5746979.2724207509,24470657.534514751,9613318.8849377427,308989.95677605912,38801628.077429019,47603647.544631466,21937491.151812099,116461248.7702947,25680764.706220899,55349710.072447769,5013389.2681555189,8815021.9628909994,18575222.536708679,23058674.378839627,17176315.984424863,42450665.642298795,33366962.151037637,5904639.3107722756,475725.8450230406,3686015.2704245029,20738981.881324705,6248499.6973785926,780819.97475953808,104051.07245218306,18840734.057835691,19984656.923895612,69156639.468062103,31412196.860932264,14225538.770249067,2775283.6478912462,32347679.340600014,4551333.2955456488,1860150.8534622549,6362915.086555277
3749429.0209488482,5251103.6619895464,5856095.2980553918,14143927.65065434,13665508.749139216,5368906.8234827872,22635054.996533956,9190651.6461338978,308316.65257301502,31533446.616172567,41138090.449167967,20028863.340528097,89254695.978577331,19478645.875752941,43488144.410648085,3880217.1064704796,6879014.4726586509,14513945.078911874,18768457.566981483,13699693.865747372,43084806.870634578,33567012.576062277,5850202.4892048296,451731.61042374978,3469858.1955668894,19497079.939046387,6399345.1918697245,867638.36445333494,119231.9159108637,14326278.630224155,15317444.416614857,54439594.037327178,25182918.908623654,11292816.289049568,2160314.430972314,25706653.004331794,3812993.6616235599,1482779.2190763026,5303100.6938928561
3760835.2234061961,4266015.1105941925,4437401.7640826674,10758389.52291714,11239378.708772194,4297470.908983619,18119918.635679588,7169898.5247026933,239029.60787327416,25765491.602357872,32996487.875163455,16833532.462879084,75901637.451004148,16554650.589763321,35519737.218760066,3422849.1268107169,6155006.0103846388,12839629.696311934,15522444.252917742,11259376.850755552,34740654.60095986,27402444.008003816,4837829.4557210095,372105.42347143084,2866205.5553323971,15609129.167289544,5018924.376420158,844630.22965643997,114449.73430310389,11555359.459453454,12972025.305264788,45416137.95024582,20511559.070568845,9462033.45138737,1842212.3062804143,21308836.861789647,2857514.5203762027,1149800.3976484267,3915785.263745097
4582236.7140230536,5148669.3659346905,3357406.2117034155,7861506.150502516,9531104.0116682053,3747137.9560730192,15229087.546973102,6325858.240334047,211150.54973866153,19883139.751728024,26351253.491056528,14163401.765184425,55895744.620542414,12301906.489561785,26728492.202965092,2574135.714111337,4643512.5783728976,9772946.889293341,12130485.122071745,8603991.4102782533,28426585.433631342,21918676.527384471,4021469.4566715732,321561.56494253653,2484553.9853379587,14776309.845217785,4934490.5174793713,1005555.7985560044,148951.78483220996,8452501.5817151833,9662309.2221513186,34033648.973125339,15429949.979501074,7218595.0051697008,1390481.3480344354,16344484.57748854,2177755.718700706,924567.54331622436,3499769.7534495266
4790502.7309179129,4251189.8606814304,2296253.7929054899,5534779.3614257462,7008254.8779942058,2700669.0430662069,11123514.974682674,4500887.6516248332,149258.34544060761,14384581.034185551,18901067.397212427,10450875.402507413,40628180.103074752,8923305.1450288389,19365484.496409673,1870542.816683359,3377979.8525336846,7119012.5475620041,8890758.5611146577,6281526.2602144266,21050627.702925824,16238043.849738481,2980395.8898214693,236177.68826766679,1815709.4594423426,10622905.372103537,3582425.1610525809,967999.75533460558,139873.99598671906,6003910.9454651689,6963826.9599811966,24520797.60531963,11133273.621865816,5277509.8561650086,1013369.1828486942,11774186.99772764,1496704.8337091205,674444.43653585878,3109913.045694327
4335803.6423162883,3659012.3508404209,2594224.6089052679,8265904.4493806046,7158498.5642117606,2748440.0551993176,12910318.547000397,4552494.9553713296,135453.63613939669,21395079.355838258,25741323.114230193,10247798.479400598,53084936.829409227,11866342.022451563,27051270.877826937,2409183.158763608,4322253.1793177491,9243057.6362418272,11698888.712069426,8551753.460646335,21130397.812533591,17203386.069008365,2961704.1236048783,221777.98621015795,1717448.5094440798,9565152.813814532,3232217.454781889,880604.31351064355,120722.71084281814,7855788.6392992483,9144857.7677627318,33020361.790747374,16402667.664020432,7048924.5966941323,1344265.1393384556,16839948.553722199,1965074.1349901627,722396.06322072551,3368838.0515842503
3998473.2912642024,4278632.5369104752,2481611.1237495285,10550426.433402361,9053913.4192621168,3120284.702855282,15239223.402286531,4196767.7668727664,117602.83122420908,35315713.596131824,34773735.79581105,13989369.271544423,60594987.357017018,16872412.899649985,39027363.790597707,3448221.2075045714,6407358.8137852205,14602787.308060866,20072724.719993815,12941570.456808584,41622233.166534781,31112277.911845449,5116741.0705646072,329177.34819720191,2493642.1775856456,10464943.273906859,3220915.6279768352,789199.90249612345,102015.83308616043,6718620.8124511102,10137483.626530128,38423804.54825341,20497055.406670216,11718597.676273387,2458963.2037578882,26030782.890111353,2150972.6641583946,778896.86909726646,3329878.1149912509
3523951.4635644401,2906798.7059208509,2859544.3567977655,10863181.862651065,6666275.7008043677,2227792.8996350467,11363658.047998199,2908346.8078994444,79218.409863465175,30376146.436413568,29236834.144108117,10477340.273128232,52134335.837508686,15293480.264795467,36805250.273095846,3222431.6901108311,5969158.4665371729,13549482.708791582,17484949.911301274,11498059.233831534,32121973.270221174,24251741.589075472,3903668.1035009609,242966.83459718779,1839640.9851757875,7317820.7091847518,2157128.688293831,680065.97151156981,84635.302364726595,6107188.6204154789,9157407.1513771955,35984249.93680086,18265031.857252676,10565480.683974048,2253239.0592507347,23968964.696789023,2380374.6726150867,1219787.4322638202,3582324.7207877045
3077806.6320372364,2391031.460265073,2745075.9970309981,10306483.438175596,4774741.7465041252,1557156.1075187805,8350070.9938535634,2011364.7708299092,63491.990261693878,29981313.340279892,23347471.499368541,7910551.3076013373,50279467.190091729,13421707.621673368,31863701.647586908,2597281.4950031252,4716741.3894690964,10639275.887814658,13865562.208064897,9439467.506221354,43396508.22264038,24507645.74962344,3736961.8330841307,225660.66970460085,1589456.6826429663,5014468.9374799905,1773637.0833322308,582282.02798937215,68939.694490434835,6848798.7692805547,8384871.9561794531,31766604.317353919,15974951.80533044,8363369.0169647383,1740871.7099473081,19035165.559240159,2070318.8959815989,1022343.9970271112,3374931.4066975727
2708507.0870180069,2175995.9577793847,4738621.6886133058,15412608.107875198,11281253.905573035,3356251.7976361313,21896309.461973533,3881984.9860102022,59747.828913771504,41224077.271762557,46227095.330642939,16450224.461319402,80486628.910367206,21362037.946270835,47809045.004579343,3893860.1085807602,6927143.864352583,15224457.981259124,20680604.111242164,13935901.712550936,48098355.56699302,29470846.787176467,4812868.470223926,310761.90663842502,2382972.7156287939,7341321.9078940796,1740254.7696038396,515077.87268987362,55767.536872796009,12404832.085567413,13924135.318495546,45932718.440427043,24250215.049820039,11717457.494314767,2227273.7507051411,26535635.448788311,3274054.6844585831,1516900.8653030547,5424686.6454545725
3696721.0159096313,3203119.5087305778,4251982.6089920569,13293330.196649287,10786609.897499107,3597560.215473807,19358221.849519547,4915760.3301857077,138649.06423221689,34740220.104325987,38457587.061695531,15688755.96713951,64668698.978023708,16629916.55388367,37797650.004303306,3026590.8812985551,5402905.6550853178,11789217.269689824,17404919.651398014,11810535.427275164,40581216.901094787,24836558.950159017,4261411.6090817265,294173.80249141919,2309409.2171902093,10222898.307086486,3293455.7130614258,808361.82571255835,111933.26190564552,10163480.351844836,11014474.177028105,37282002.71009519,20833362.738704003,9448538.5850557238,1700781.9712160665,20416006.647124026,2945436.1317348629,1472125.2992507773,6703794.3644719338
3294170.5608416134,2488904.2964370493,3145049.5412271493,10200304.637635833,9856937.4636377096,3164015.0217510411,17498583.249899633,3912509.5925395908,97570.436363615023,26498229.746664211,33126175.930223398,13811245.45123801,49082710.485917754,12533666.293633128,28642242.436676603,2341600.8137439201,4217930.8607690241,9224524.3791575767,13956057.498437099,9148403.460635243,31157849.149359282,19342855.126915287,3475902.0113395676,248959.17324286734,2008015.2757790803,9109278.3078785911,2380145.8194024544,703367.67110188457,96400.323360911687,8062603.8283085311,8553209.2374663446,29065783.925994616,16272069.708264055,7441441.4980190899,1328950.442779494,15967751.583545459,2241957.7424395219,1102161.4574068259,5305435.9953862261
2882196.1462865327,2235669.0219694646,2469205.7911270978,7434459.9985510726,7601925.8343618708,2382857.2537380648,13693293.227759091,2876052.0483339461,68055.20538498192,19679227.848635852,25971463.684905931,10713309.7113951,38574036.171080388,9554980.4974216614,21578179.64045934,1763418.3813180106,3174031.6562942318,6970466.9556869688,10602954.195240941,6877887.1059532696,23635987.487860344,15298925.027342863,2729336.7548472555,193993.57563996257,1552838.9441379402,6696663.9139598962,1841083.3490238402,601218.98024630442,80355.060796254009,6088705.825649322,6456692.239874932,21818302.79572599,12032110.131764429,5583428.5157542881,987332.10694503144,12051904.742955081,1660861.3064052106,776836.96690232027,3643499.1770546576
2960752.2067408036,2545038.3138597799,3183621.727852121,8647013.624595074,8965445.6299459208,3125814.5559559162,15351214.609450918,4477453.3969684895,120773.21006781911,19466745.373917975,28820059.640529517,12774321.727720838,36301800.17649056,9420728.3918382134,23672703.355831217,1831179.7479353289,3345477.7237726534,7467944.1999854092,11500043.755683588,6969602.9394793743,26126201.708921172,18666307.681859817,3355919.5789098297,242339.6288538455,1974583.2853286995,10124703.707063215,2898689.5503194318,684041.69639291021,87150.353538358104,5711691.0451336289,6259573.678908946,20535318.990440022,11277940.528370179,5868207.2519709682,1065693.6393095667,14099097.063327486,2263500.184756645,1237714.0871113983,4916520.0529379435
2568071.1683901972,2262643.8066357616,3473446.4877619343,9104102.1776103582,8488957.1258119494,2828861.2081638477,15743683.474477895,3908519.2931005876,83701.35811373053,21073297.936808463,29719324.717448834,12283960.991128594,36746487.411861762,9412909.921738714,24067629.137529306,1907631.9265883851,3439228.2870997172,7769083.373519456,12104371.013056375,7727194.6202421514,25278347.575935345,19220202.969814882,3280816.2766572698,223596.41100933851,1801355.5327868774,7891795.1717740176,2052391.9257302082,585991.33891520055,71317.518011734603,7210732.6114194272,7273100.6567823319,25150097.063461732,13417771.202051241,6534794.885089403,1231511.0599790995,15538632.258032568,2425321.0436667316,1275206.4167353597,5032500.2019135235
2201592.4304694445,2000617.6044856058,2679563.3566295919,7067131.0677983742,6382244.4434534749,2066983.1016673273,11924459.654696938,2784430.5833927011,64610.37407904461,17542233.638462279,24111791.089183744,9298640.6180723961,31319589.715441968,7565147.0654240195,19075617.175318476,1542209.0914642457,2759726.9745204733,6179745.0208172714,9476370.4420380127,6109751.3850837089,19879241.713807803,15181987.917576136,2524040.3299426963,168429.44580492363,1349375.2167922161,5511442.3803301575,1750557.9536401338,494753.17089477717,57066.784843602582,7145766.2008671416,6560693.8787293397,23110222.452215645,11186302.483514754,5229886.8936265046,1002617.041912123,12578324.691599185,1879145.9313679568,921764.32079728111,3577376.4525188464
1875571.2038385239,1764431.6886070487,1795626.7985629276,5041968.6052090861,4591590.021100604,1429374.9504748743,8540247.0843642727,1867417.2547725714,57090.422417983165,12897332.072681021,17394798.765617676,6704661.3736826191,22500996.334426593,5401050.1670099515,13901282.46177222,1108375.8171725282,2005119.4147168396,4527709.7664914392,6968751.3777820785,4509041.7437796304,14563587.943162777,11169079.183046853,1839671.536986361,120563.8319520082,958488.04147100518,4013417.5926251188,1542955.2951581059,412173.67645134201,44109.735752995512,5062950.0198046071,4664830.7710962193,16948161.014679477,8127558.5945611112,3843701.9493912044,732513.6313230698,9055453.7030372825,1276439.4617912665,630580.65452769375,3169817.6910024681
1557631.9114677301,1515930.1937027443,1521433.7618744776,3336124.4261519918,3071049.7293189699,988439.34960310068,5710178.9054711107,1638666.5092659807,49778.471117273708,9093453.2547461092,11802259.993908787,4541120.131637523,15842301.159127051,3778943.496238742,9533457.4008901045,776816.22293694655,1408451.1896617748,3176053.8680054122,4895580.3537128475,3166169.9039853145,10246950.631697904,7886298.1500111045,1263567.8031157369,81464.451393937226,642884.73374501627,3527331.2581921145,1341974.5015335232,336008.29856132146,32372.517681477329,3471797.1235212958,3234181.5267387447,11763997.648944613,5670875.8275601501,2694642.5715884366,515948.53184393188,6224011.5550548099,957472.10352065717,437449.78789189633,2782808.9874335788
1385422.9152706345,1354622.1393400917,1397758.4242868449,2994208.1373013407,3236118.6699457061,1011252.6746774456,7069897.233580064,1674757.1917812601,43678.49728047286,6328803.8568782089,13256600.515781913,3628717.6284675496,14153208.658864412,3573249.1441145539,8150036.4339050902,585525.57054477779,988779.39754097082,2228230.1093051406,3988630.7926848391,2179810.4926471338,8344664.6634801105,5572706.2702566432,1014887.1451217841,80852.740753632112,633120.99868290068,3567253.0591990892,1216471.6926410205,288623.91873558832,22128.93349783084,3075320.8168648668,2527174.4228070085,8136605.6624812968,3838289.0038427706,1955075.5485990818,355717.5585096826,4580505.1843778547,887361.85484878055,424253.56344574771,2586273.2923782254
9319446.5146666653,12362306.748672701,11264317.771068737,35266219.219035186,24165812.849676955,10368631.996078886,45293890.475515015,18460239.729655873,752350.18076480972,34857350.625578478,92437249.158712536,28533116.832735769,146625829.82826012,34531422.817268535,92642976.011958137,6526252.5626561055,10652238.102828359,23368889.983696662,25238996.119607985,18013741.699228141,50908441.364409044,29012963.135650128,6991923.0200996343,695819.59625861095,5326219.9667955013,39177109.429552622,14768297.760176167,3377599.3519930542,369702.44647849485,19426207.922016222,21384862.993291959,67188224.447839141,34418840.85371846,18183400.606952332,3757458.1961614774,57746162.839666672,8260654.5753498031,3156263.154524528,25623027.588322382
8868578.2319748383,10408598.93484363,8333696.1209023055,26828867.333219249,20282945.748807289,8479755.949861424,36294976.213299632,14534775.5703499,600662.57130986056,27407667.042153157,71609665.110484973,24985622.737475343,112042038.64328091,26384536.024484176,70694224.13659662,4986163.199225097,8132830.0718495958,17834841.495919887,19710301.513978396,13802227.811262367,45652255.794489838,25680628.300754223,6299311.9531131312,624441.52105713554,4806426.6690097544,34313845.524808072,11915820.573995801,2655669.9429624542,272094.44459145179,14713500.240358464,16279940.540149475,51105883.993183084,26233119.982009716,13931034.809001347,2858645.0314913467,43929258.832163557,6119408.7176833842,2348388.7193570998,19086170.357634291
6178209.9057551194,7543547.5621185582,5972132.3758352743,19591642.319844857,15088437.937270349,6282703.2558498783,26690939.219639502,10659687.989551654,442260.60776310344,19976809.718686286,52526317.353825711,18512484.666107927,82629288.249703005,19504106.668229632,51988876.281043284,3673684.7346428889,5978357.7638676735,13103125.724146631,14437083.157279225,10105338.159809383,33809559.965465106,18969767.991394341,4683480.9641739121,469609.31505256274,3593329.6430895831,25431798.890075952,8706689.6537808031,1821730.3233405277,240771.67567911706,10677643.588886023,11933029.138287343,37238123.110095114,19179571.820808072,10218526.657561984,2098845.0153621668,32195753.251386836,4421725.6213024184,1688301.5820355187,13706480.88216736
4617918.884126964,5263861.8332724897,4226663.2543428205,14208904.707835844,10961231.597397201,4541542.8845170718,19356026.971977562,7674136.0403886335,319278.90895588533,14384692.705985676,38126717.893388808,13422992.253220698,60504429.881244041,14296831.324361691,38003632.013473846,2690337.9921937245,4371213.76218055,9576794.3555031195,10481360.07751446,7347975.3219889244,24641086.324478172,13740960.983433204,3399838.0122386483,342207.47470537433,2609323.4195761313,18372176.425797928,6187966.9434230318,1285044.1042014586,210769.8408531583,7656939.9547455171,8653354.8706523068,26893304.129733313,13917868.079917978,7450943.7684131144,1536080.4909178354,23507264.12309932,3160826.4810630097,1202390.0606263729,9711333.3095199931
4004231.7109558452,3510691.2894335608,2898586.2117077187,10041689.884282941,7798494.5318927737,3181569.0109687313,13738325.809938259,5353388.9130314412,223987.56962105588,10172233.834989881,26818557.319315415,9590005.276097877,44151394.762776084,10403989.167441571,27115903.778802466,1954388.2390312809,3160316.5163307148,6867939.009194253,7432235.3043839373,5181693.6357507184,17786556.312380049,9813671.7085608505,2434816.5728309248,244282.91056515236,1861090.8937448647,12992106.511348123,4247187.3748071175,1115227.2529271436,182161.59818263116,5395106.3411996216,6199669.3386680027,19089138.624432094,9959734.4752552714,5267397.8606483443,1092685.3027908385,16627296.32431121,2205146.6194882574,830237.72809799749,6650845.3420941001
3473035.1912142942,2513179.7423243164,1950224.6321840775,7115677.610474918,5455304.7500710366,2238890.2505511772,9601437.6380223352,3743614.2921428825,157699.7159827275,7038448.9807136878,19008161.698513117,6656338.3228598377,31815694.147547644,7508321.6675403966,19481359.124886312,1407697.2665095432,2270658.2020869073,4935772.1906429222,5230228.2395213973,3700441.3229818456,12585791.946642539,6826111.2708473736,1693780.8990637374,172847.82296494057,1305265.6599158605,9105776.5049749054,2900940.6937002954,977404.01762128517,157782.59620434218,3719427.9177125031,4378298.484648292,13365917.591578022,7052784.8406721996,3779170.4933350617,790347.0635915536,11970600.606333535,1515106.9298302222,571943.90034915274,4515071.2703408375
3028249.5743543804,2219307.0351205952,1558985.384884536,4927689.2966451002,3813123.1671467572,1546685.4099972644,6657507.9621859845,2558034.493518827,108923.39683358197,4715747.8028381187,13241944.856485005,4601564.0209231712,22586539.809951048,5349529.199790231,13807512.997281862,1005076.5392061902,1601944.0002340465,3477362.399631009,3650602.2361332597,2611524.4845209494,8779550.8462486845,4681953.6265429882,1175501.2961128976,122262.14919317265,913755.92039377394,6348834.9995675692,1947774.2927295016,851949.39859462541,135733.24016046539,2551979.5861801412,3023538.2401004876,9074441.7123504803,4870473.3322589025,2669675.2817598833,562851.11264931259,8481516.2754901499,1012779.0924706163,430510.26592975314,3386690.6492676237
2628753.2640645793,1953890.4030930591,1373902.0841153082,3387472.8779060659,2593527.0244298093,1032159.768630215,4497041.153695967,1807031.8208122258,72644.280400368865,3831235.8067896389,8971050.8583991565,3089110.3627083027,15918937.702417416,3743085.4850837821,9611873.7928834632,702124.43836407852,1117510.5827119111,2424448.2191023449,2466940.577708161,1785979.6436406202,6026840.0771647543,3116381.4926157044,795082.32362686621,84475.407164264747,622837.16594860051,4230156.3745578676,1720732.1760323949,737556.30187054991,115471.20311516474,2262349.8148441063,2026130.1427212274,6850321.3213180387,3267140.3313020114,1845093.6650564929,393861.79504923779,5881356.2386838095,895098.87752423226,379789.53683789639,2995924.9403749057
2258861.9182225517,1710036.7849337389,1204344.0209559575,2763960.2437045807,2008214.103083876,902527.83597992279,3629014.3870146065,1595907.7659749559,61993.621433213339,3428805.6489363853,7061386.2163586961,2597724.4464053656,10798783.052239068,2548054.5445809108,6522359.2759094676,476330.69020030281,756045.85470214358,1649714.0416152761,2022022.2500784909,1392058.3951147534,4311328.3523150058,2766057.6770520853,637887.83481620415,57683.800653705512,472234.4193188544,3711544.4578445824,1513624.3455844468,632948.5458045844,97009.415505186349,1994563.8867010653,1795572.156563075,6083549.4733445896,2841191.8923219666,1247003.5809253487,267829.91229282855,3949472.8631945639,787218.79013625951,333238.06301784684,2631218.4716972304
1914184.5027978136,1483874.8814115969,1047289.4485216382,2417829.7660450954,1770172.9253410827,794700.76492952055,3177404.9989950405,1401195.9637085595,54535.052971702804,2999282.4064507126,6208900.876391625,2274784.760125238,8244752.9744491773,1875464.0126991007,5117984.4827577667,358525.0682256915,580060.72977205215,1252159.317325436,1772085.013720223,1218733.4437756576,3769818.7813786208,2414955.6084934669,558904.13304874313,51060.339415005641,416589.89285371848,3282195.7663852978,1326346.6270898064,537317.45545851567,80733.704167592383,1746534.9040033445,1584749.6128571434,5340711.7208852479,2498932.283238207,1095640.8158543874,205298.47566766749,3233695.1073789923,687527.7194502498,290435.37806227949,2294043.3837024714
1601509.7216794044,1276177.591584027,985953.61575138138,2390818.3672443284,1594907.1102245748,704997.00060428819,2834472.2308277474,1229092.9691930339,47711.949372294352,2609804.3841696358,5563641.0262520872,2041969.277130344,7338949.757410408,1651709.5008576619,4600104.6412128452,314185.94718399248,502841.88379040116,1099281.7043183506,1568730.7781190223,1083808.5308313749,3349476.1208029515,2234379.9267953825,512255.25204211386,46346.266638967718,375019.1688563145,2876533.2424252997,1150600.5508727988,450482.26692810643,65478.305207103549,1537081.8741706004,1389572.3273630361,4674363.4055660209,2169719.2957760259,967642.57780795346,181355.67957920916,2881195.3201617333,677135.67665607017,317005.48584859591,2412479.4393743533
2827989.8465968212,1756068.6251106968,934784.58970455744,2203876.6852498371,1476004.4154698558,704606.5375192943,2652081.64315722,1334434.220268829,55808.006121775594,2340085.1940104724,4999433.7432952467,1849390.1860003509,6585014.8977187369,1478888.277876935,4166696.2167965467,312882.83624363784,547613.11866437993,1177261.6997593776,1384454.2079108802,958415.23641535046,3159008.2160076988,2060932.373499545,478738.14045156684,44638.234221873863,356937.14190177614,3083020.2027061703,1437445.5023350969,878142.72361209546,166610.97107117399,1340840.6873961764,1259126.9592628251,4306136.2928053401,1946954.5017592926,853600.42284003587,162492.77003815016,2567434.2445106958,624696.056668189,299202.45391168934,2587882.3485211702
4619296.6323965583,5163607.9478694657,1169746.4679134598,2660338.7169739832,1912065.9669075361,1401733.0817121414,3989152.5590302106,3694926.7595191859,184376.27614705046,3133493.8940601139,6755997.2030219538,2045677.6176462562,19015943.1252205,4026885.1359938215,6863124.1153650191,601801.74038617068,951958.48590735171,1770400.7248096943,1923481.1143369558,1468274.2002188109,3396519.7595665706,2153724.6287380583,528680.59440884064,50530.917077973485,418497.24438936013,7047306.3695673952,4445779.9346961305,1916999.7962940985,348980.85882143304,2475266.7507934109,2798792.969051369,9177468.8388906363,3000791.5767245637,1188008.9075876956,208092.67611189745,3348843.0638542045,743464.79080632899,307404.49629646051,3112684.7919657086
4416442.8144853357,5284849.3928485159,2279798.3530749362,11735647.140183732,1937478.0285701335,1286408.6288567868,3738537.3262544568,3191731.5812999848,132375.90629002487,2948973.2165905372,6472329.5863344707,2114343.7860367503,16767162.704034571,2896232.6837108228,9615056.7661339156,417159.94194388931,660506.04261882196,1315811.7991237966,1864870.8850704161,1393214.3887059009,3449146.2349369079,1954601.4749129647,576545.06515013124,76792.590757612343,619324.8748696954,9993742.1738886293,3797562.0926729636,1428944.1824629738,264404.74986277148,2271749.6929211915,1993923.8117939872,7010015.2646978796,2788758.4286302617,1086910.8055260347,185030.76659176385,3152951.4046768914,2466664.5169183756,3331409.2745174817,12661388.341712464
3949443.2997664036,3713065.7645675899,2196648.9465520051,10851652.507868534,3383417.6915050535,1675821.071661805,7904170.8744544787,3048646.5566801615,90782.505818645019,7608100.4275485976,23838393.758705039,2929327.2897864496,19580717.951642215,5108796.3282694258,17901795.205938429,1258939.2927645906,2413996.052830012,5037737.3249814175,4922198.5219315821,3287393.278259994,3550956.2193571539,2619346.4721589857,680750.26897047518,83422.180342294756,703247.10317694943,7502801.3164636521,2623709.368087789,1192331.5897980405,232703.05743189665,4021971.9709371408,4358228.5644243192,15582909.966466978,6312092.1934278216,3119736.9120757752,571153.43895615637,10445938.317321159,2702183.3097339086,2773215.9715518304,9822853.9518805854
7096326.4234165903,5764136.4133652495,5399959.8091987204,14025433.489389393,4018216.5979301385,2277656.2063726028,10839172.026662271,5149985.3346336363,154894.27963977618,9645071.300724633,32200338.649500925,3160621.282319217,42052181.034246914,9036198.0648469906,25093617.430521492,2011025.8585952197,3682664.3102223133,7427719.0252423212,6486362.3925461704,4463603.6856420161,4276549.4052187474,3137053.6892253803,847692.90859399317,83795.264272265456,697911.9289901572,8069755.663271171,4416627.1296002856,2995493.5604087757,717455.41440936376,9894452.849226471,9036490.7464899682,29668626.746406224,9713445.6956755333,4323046.1400377918,809115.72759813606,13445739.73600816,3887072.9345387747,2982357.0962155741,12125072.395694166
11154120.031113463,7152644.1475302884,6253158.1298696008,16277795.2701119,4034183.6679151682,2231331.7396980491,9066603.5526830237,5100839.9927719962,169737.01035466604,7150360.4711064752,26222904.00359834,4174329.9896521787,32538723.614945929,6781639.0731116757,22153346.606949829,1723580.2090529494,3373160.0722534931,6866365.7183599388,5036066.3750990788,3486383.2974893055,4094999.7866397672,2926222.5034133419,791586.54751329613,83798.029018713525,712195.19381913904,8724100.1488657556,4916848.602613477,3152583.8721481422,653597.447239356,7233052.4940886116,6873049.6490841703,23558230.285880513,7447079.2441905532,3586334.1228093239,737294.70412039291,11476941.376481077,4400312.1905365437,3440330.6683122357,19712591.945195124
14476018.869966729,12759616.680935655,6821930.587546899,14796541.199911531,7945126.702936939,4898450.2138252631,14519149.744661542,11825462.074420275,467798.12029890018,9615578.8486187998,30875234.581918351,8975727.1499454305,31874008.653599422,6946039.8205844536,22189532.347213529,1682250.5709704841,3247912.3797071995,6794150.9881800879,6061074.2066480182,3551069.019354837,12545092.708414648,7470241.5538676772,2089840.6760014803,210208.21546094355,1826494.6449274695,21583925.792820796,11408168.475162346,5751878.6313210726,1281669.296527846,8030988.6511285901,6676952.9849495878,20459117.732496317,6475996.5328457896,3673749.1962022013,752856.87930765445,12097909.752877904,4383517.6697700871,2950404.9768579518,17308322.242641199
19734549.809625033,18221305.294572581,7647262.0949713653,18288913.152327828,18657170.811285514,8515702.3043227214,32814742.457577892,15427265.543556144,533421.91488873377,31345744.309519261,51812856.000211127,22860000.50079333,71383873.259735554,14403308.820171935,36084212.127517276,2814521.5314392708,4813988.1888252283,10377416.973337229,16560610.133864757,9403093.3083749041,36939121.378410324,25303342.899062742,5780708.1141184904,519093.13270590326,4412911.7306422349,38320508.247957341,14934054.207263006,7156729.3833384914,1571394.3447163342,16506830.622129722,12832992.881779881,35470683.242942162,16452804.795278458,7846613.7350396998,1388523.6327170497,21382695.889052965,5309734.1787486663,3145332.33761833,19496885.123970855
14686271.169346737,13635864.875918737,5546789.1130444724,14049417.940665841,14102032.8541106,6376242.2886078591,24775161.256989453,11468507.307723848,395617.13194000517,23725791.974233296,38755751.665283069,17279823.233834393,53358863.050394453,10624412.63542727,27157720.830345474,2095650.7521026321,3609563.391196114,7801005.249737544,12505898.65463553,7084085.0760658765,27973878.447426986,19139621.22943325,4371933.931636394,391824.2601492377,3325843.9795677648,28627606.076625869,11095966.349526538,5265018.3269209517,1154477.0984116441,12163659.158610182,9470067.7154575735,26490050.955434214,12348476.540393995,5882658.5102196252,1032628.5082941143,15867228.016411556,3866226.4642521469,2346927.7705596979,14743694.227147585
11295483.658893635,10025688.19059677,3912919.6982134529,10081847.180552265,10188146.790021643,4592138.2392926533,17880199.500213023,8268621.209916994,284702.26458333735,17170197.197932478,27706711.957732946,12475140.180806158,39649671.923663847,7708973.9282288086,19459510.195971668,1524348.860718851,2636842.7984593292,5664027.1104769586,9019012.5640734676,5075869.8315300103,20491107.245042186,13994969.624343412,3173249.6437878939,284646.69374723383,2406065.3133288659,20821799.158652805,8019442.6493084701,4044261.5809693523,877537.61446233792,9034389.5479952786,6992960.5119295474,19253684.882357031,8849993.3480570801,4192316.3435810003,740452.3258322326,11259740.421715328,2748960.9569777953,1749058.9618252211,10537186.588588033
7974159.3732539369,7153009.1140200039,2712883.5998418783,7582047.7500347877,7422773.6885062866,3310818.1264389143,12850259.191989513,5898545.748534767,201695.4185239927,13618284.969546283,19828835.09287966,9285928.3394464832,32527801.751621906,6191111.5866011595,14821084.543623174,1207125.6530726091,2064131.7136973748,4395776.6236771066,6799188.0832519811,3893437.4505234831,15037309.268921079,10459653.80077083,2370734.9010995375,213255.01629308099,1791693.2013378674,15335429.558445498,5728777.1607482359,2878060.3216126114,622433.82586126053,7383878.6781877773,5624332.4646114921,15193977.209923413,7031122.5728765801,3198023.7192975762,578503.69936400547,8402735.9737521615,1939591.5585112458,1342070.0210650095,7882305.3060528645
10254746.781946214,8745996.4572688192,3876185.2407471654,7566500.4762571203,7572032.4546948429,3731599.491812712,13355335.888671024,7129364.9428420216,288411.80551737989,9886601.9231456909,22624741.165041659,8991764.8545166701,24209312.1488593,4367047.4553572452,12105178.916889653,850229.4161495252,1452299.3240205613,3179022.6207871321,5679888.8551442586,2878436.3602781864,12310315.191544451,8130153.8436168451,2011109.3172032807,191812.86712072449,1656495.7866607362,16682856.375620987,7474735.6172984326,4197789.1328391265,990829.17694457108,5596804.9815216037,4066231.1979424255,10694779.539989071,4890691.496556838,2488020.1943593319,433438.61439619417,7727426.4861199129,2468694.9451792128,1748758.4475318887,9603427.2368800864
7340005.3586604977,6444588.7134229392,2696380.7838064502,5481531.9329892611,5514561.5490216427,2684450.4097158317,9755055.5977228954,5138273.5627743127,209055.12097015939,6984340.5939450758,16256359.03861835,6572469.4887116328,17060333.616406336,3010094.1302747088,8557725.438800808,584951.58407367964,998534.23483946349,2213849.0371090854,4087496.517652439,2004595.719028428,8950349.3917288464,5852524.352790162,1454929.9647518219,137498.2862674483,1193186.3669582142,12062582.839454496,5407745.9623040762,2985786.2109557367,708353.28335822222,3903901.1185972807,2807067.7038376215,7237983.4069166584,3273512.6723113847,1722150.9860803108,297503.25772088015,5348548.9553946378,1719563.68482108,1251991.4009357102,6809516.9811554719
4923367.6677480368,4498306.7340276632,1796876.6963763677,3713998.4636946758,3830787.3558072932,1871246.6513284075,6744507.3413440296,3579843.5691293119,146538.248767312,4697874.8478243947,11146761.754515665,4514410.9595932011,11651640.79701408,2003722.38781219,5671028.1617908478,389177.77568068379,664942.04012697819,1479038.8466131506,2793731.8806088427,1435542.261494963,6100442.6075854832,3965200.859212941,991197.55282925162,95185.649096491281,823331.99918215908,8454078.4766633008,3760026.0629434539,2046100.6010942424,490501.35108994629,2610728.3152561076,1977557.0701977932,6421895.7085173186,2834639.7338586701,1217689.5924439009,212665.4265123684,3565203.6269569374,1152440.7826715414,873714.56704072806,4645280.9253401803
4319626.4116064934,3019639.1522016046,1526700.1759689783,2857474.5984126073,2627948.9240530278,1269286.4148244099,4530364.265602679,2426763.0133923129,99915.096381265335,3840386.125841286,7627185.6491031284,3096407.2032542182,8446389.5646108463,1749329.8236980159,5002417.1955670379,338574.54051446234,559813.32222478103,1226970.2966211899,2096227.5318870663,1284373.5843216914,4335108.2019804958,2965003.7757760193,691501.62061479781,67218.197215321343,575124.05841028865,5795576.597831402,2542559.1768590095,1349950.8642930547,328424.96683303232,2300876.6190376799,1746983.5363926545,5645763.0008358322,2505677.8385026013,1076443.5764010057,187689.89762831302,3151661.3781188079,931063.89014604932,623007.17705789104,3426421.7408990567
3740702.7596773561,2407702.1428567269,1338945.0040972468,2475308.5892551783,2001534.7270279923,953726.64253271581,3588996.596768403,1771376.9334194569,67889.29144399034,3376842.7152864099,6620476.86583314,2577531.2843666119,7652667.8657314582,1538920.7636519792,4345606.3155494202,297573.90566204709,491573.74464716075,1073301.2884051155,1822553.4754187237,1139880.5686740151,3786750.9442671351,2602572.9956365777,609537.34557157941,53658.627871378369,460186.52582697821,4056388.3282837593,1850960.7824245256,1165528.7405174195,255243.27516090914,2146197.9718550486,1573604.0890919825,4994354.2839451563,2200046.2338234009,942148.32573558169,164803.89678332079,2756049.5899028303,817727.05481405184,445773.05364632257,3008808.9401691295
3264915.2326010666,2120363.7868515146,1170782.7805562837,2156354.3671801751,1764848.1690215145,841782.66753208928,3148618.3102028775,1562404.4606995136,59951.070537372318,3156045.1923976587,5809654.0313491924,2265620.3461654899,6920410.6256061131,1360592.9246544053,3754104.6079301359,260189.10416642466,422952.98390475678,924477.83974712668,1611511.349826009,1028117.5990497795,3337844.6669914718,2281972.778315179,536402.33423656865,47398.151060798795,406031.19253776531,3601314.6112306532,1636494.6228848556,1023859.6378257206,224628.62679179609,2406187.6581444405,1564368.7089400718,4628146.8149266811,2035889.2224608955,834217.54768443131,144301.01938799495,2406335.6578678009,715624.53268211789,401302.94407184143,2639200.9227905031
2845029.3485378758,1862815.1834327329,1018570.3144847102,1887538.2632989683,1554213.9620831076,739630.15993128496,2774531.0639814599,1372473.6398628326,52711.494341325139,2851280.7694214224,5095269.6527578784,1994402.85222937,6115151.9286368843,1185098.9907454879,3273805.9394299006,226709.32311405687,370174.62987409858,805143.21887356683,1421292.3534404701,903925.56188020331,2911439.659487952,2000034.4214243693,469843.60005947604,41651.967402591588,356527.17598850856,3187689.7939074188,1442299.5154130994,894933.25913342519,196749.37392499065,2165489.6038741479,1389593.1513214381,4164721.1393956789,1824533.6142756364,727650.6028716045,125358.98053180461,2091106.1561955286,622830.22046165529,371669.62524548336,2305674.9614504138
2463417.347496334,1623909.1707881433,877943.05991969421,1620472.2528425576,1353397.0080836334,645293.30943165743,2404131.6095177713,1197281.6926975201,46052.925098433232,2476461.9973668898,4418539.8893431053,1722332.2484826802,5345733.861033245,1025955.6189313264,2824033.5774498032,196115.42512213235,317624.58909523243,694112.47096973599,1231773.1176159377,781862.43199051928,2501578.4548954205,1721331.2307224614,406442.57909533172,36341.132666860765,310442.78220553126,2809348.9071084904,1264454.0827789535,776521.16768394702,171144.09616529971,1903431.7745787287,1208690.4051752493,3592834.2549340138,1572262.360436074,627124.40204855939,107936.21735869447,1800646.1920932797,537485.82414655294,347459.26938233664,1997360.5055435882
2110644.9235083298,1407793.3001644744,750701.06161075365,1411465.4304029662,1175265.2328691976,559287.29004292388,2081834.725333642,1036657.1973554657,39972.435354555477,2158052.7368209139,3811412.8488397333,1493296.0240182816,5111850.6272809394,992397.04081555502,2546587.9216692857,180543.21181085182,277067.06854513305,601954.88429546705,1059383.303731831,670879.76067698258,2173087.3932913085,1482202.1317772151,351738.74137553072,31506.084363504917,269052.99604633579,2442216.5896872478,1094874.7935344265,668604.35772729816,147780.79964162814,1681995.2049513042,1093818.5659933928,3080874.9356139824,1357801.7799614838,537378.69173796778,91983.428556524508,1541052.9159815225,460042.47745532868,317838.87210974458,1716463.6261621537
1805669.145305611,1205216.2930404281,633687.04643565428,1328946.1161300482,1008443.2801852598,480283.80314844771,1780702.4089392519,891179.70192375267,34398.267428962296,2895470.4833526318,3265342.720722422,1272484.0250437642,8326992.2923918366,1529348.752276222,2886804.7811939209,248081.11175988891,364791.91810981155,720358.67311858083,1025501.773332526,827560.88285413024,1860086.201769965,1261502.562669348,299874.35935333988,27081.504796371853,230593.82881645003,2140989.973103622,950690.90630145336,569861.42484597513,126389.68457125626,1780687.3628919974,1422250.1717740884,3889184.6097495602,1874238.3931241266,577653.4655488549,93252.215803247513,1409826.4647890672,388791.13716611668,276559.13624341489,1457723.417353574
1507178.1721725033,1021750.0382071506,527193.78660741053,1140784.431616948,857646.52787769667,408144.84209009644,1508966.3184176825,756639.82894367981,29298.841839834367,2634511.6589046554,2757045.9399533407,1082497.993651659,7724153.2283371873,1379372.1938910377,2523821.296728679,223859.20137366065,327532.53392668627,632320.34379810968,885005.57325011503,725100.48995258473,1588396.1505283939,1130694.8189296541,261917.77768142277,23669.068283099135,198906.67479256805,1837684.5564863677,808330.49978738977,480009.41718974075,106911.6062690562,1592353.7025839454,1289263.9224536044,3526655.1083800201,1695068.9870202984,494682.48045164283,78772.36898384073,1181962.9570089476,324170.12904589018,238608.14178995218,1222404.9006547588
1232592.1995186,856475.0899663358,430361.93314456393,954756.65990356077,720157.25645317079,342416.64742593077,1261154.6495257057,634414.94430459361,24653.818803533162,2282872.2774014878,2288711.5417621429,916381.95647242514,6844809.3520618659,1199669.8325834027,2132266.1974615995,192541.44912576259,279395.83686306537,533611.38162736839,742171.13155892468,616702.84969570371,1341523.7445328583,1089899.6884550559,230138.47295382866,19905.109316889164,168181.51425997386,1553587.855887091,678365.27168457885,398397.15596700954,89195.898371570278,1392400.1259253486,1130680.6218842862,3025530.2652944154,1451050.1151686755,413772.91391530732,65319.949540943613,971633.62485618959,265482.17500798515,210712.48695695976,1008513.4413358133
984972.18933412817,702224.61848814983,342279.21241900529,775711.68950050476,593353.68873764854,282291.5384478569,1032238.3326107896,522790.16513046325,20409.392772869232,1958988.3085361114,1860655.0363824877,752962.23159252526,5999887.5186430486,1037313.545342227,1761711.7887005482,163882.97677022187,234980.98941223277,442974.85672079417,616553.2492161612,521927.32464090752,1087493.5590088698,916404.54498059512,190349.25527158668,16449.997013605433,138625.49650854286,1291928.5314146166,559871.45383702742,324249.08297587442,73099.456128862366,1194545.3575683136,971558.48401509423,2541268.6943862117,1229642.4886898578,340396.07362930308,53044.044391746924,780740.60665514728,212114.09013284478,182296.36058324145,814510.9377434284
760806.78099665325,565852.22199251782,846660.1279493114,1258749.9785747994,806386.96224863152,322267.52692396787,1790000.0742654682,521309.27872920793,16695.740335066053,1784331.1488079256,2721165.4281271202,725975.08983973402,7452395.530481657,1501207.0868435635,2891579.9385005413,231210.37140915185,349894.94921085145,682825.72202558792,677745.28852969932,579417.00726668292,915397.88761800621,822636.45057414903,178082.47567940803,15489.620784318906,134007.38981911237,1148851.4089714624,465103.03905721998,257376.27919787701,58570.23962769442,1912565.6763945431,1447836.2879486706,3939976.0489976304,1504599.2090169091,437793.50375745865,77344.129982526167,1202324.7588596933,415613.77519103076,240675.84746701652,1002686.4193610451
675479.24438738113,552543.66736717126,6195852.897889629,15223166.640471481,2111458.5951396828,834040.88354881678,13710413.969144966,1628935.93946812,16512.94101884052,16597975.245764479,37150912.786716774,1965031.7151652973,66062378.41260045,15779166.239335876,39364886.559870958,2521700.3377106977,3472456.8901325217,8094638.9567240337,14284464.266003508,9847113.5139611438,2260150.0255981502,2402589.5422657044,437695.62546632573,28699.809281690224,251421.42319606637,1362456.6410007996,583493.37525652768,383757.47379858169,92398.168728752906,23945569.805895772,16179220.642699217,50067074.571436957,16840528.304469276,8338551.1383054582,1510403.4673051578,27789321.132684994,5297467.0923236664,2498413.135644814,14336297.596149685
12043836.468128534,5429994.3134272741,6228478.7153129661,13320723.338956457,2872354.8511864669,1830516.6014181604,12392615.90990304,5281532.3327989588,129863.566970746,14296328.670973295,30714649.605461754,2044801.0167365351,65621752.881228767,14510427.060307842,33979495.211933613,2434691.5527281682,3484177.1974497489,7611082.5446613496,11363147.832437444,8127680.6761473119,2463068.766151607,2292852.3543960918,467988.00444631645,36488.768601496915,323785.81015164155,3630753.5473629865,3787734.4040447311,4690798.9705650592,1231202.8628979826,19550362.471592493,14579422.497646006,45453405.228078745,15000625.044573033,6869123.4915516013,1235907.3030750095,22590445.57585277,4832776.3557153558,2280078.0657803174,13388144.15189073
12868102.6087563,9792752.8043709509,4467274.8109905664,9840917.174660055,3353358.8342473502,2060912.7988241012,11830018.251033539,4558997.6935292222,123041.66813982814,10288701.033236187,23060016.943349779,2027495.0988023283,48286942.28599105,10766967.0979052,25046410.168861907,1887526.239137565,2811341.5358075905,5959809.189782639,8519021.3481452502,6087905.6485604383,2442874.8198085716,2109057.2736944212,459743.85768162209,37007.400256872992,341940.814621597,6885983.0660281684,5109433.1999294981,4393728.8933774214,1126474.8740057531,14427966.591778569,11336775.245650277,38983311.538331658,11496297.881385315,5286266.5037259161,932221.94513347116,16741292.270650523,3493873.6702643707,1703327.3068035089,10191589.97964862
29618997.765545297,13882447.111774007,5805575.0194526007,12731041.498416724,4197463.8035200546,2596773.0406223661,10478029.727248373,5118423.963864441,223008.40970277629,7546360.1914598718,36572790.553930372,2586932.6681358167,40145225.380110718,9128179.4825529717,42689679.805057913,1710794.6106792404,2308505.7573476546,5694978.9766853191,6722434.7652775766,4403018.7027080432,3379304.5775092342,5595555.4976483677,986820.03741228359,74612.69098965521,677566.92416362499,12159576.084050559,7160308.6139656343,5161592.9221775616,1055310.6338015469,10465880.546596695,8324640.515823761,28966263.650994997,8195540.4326434731,4340267.4918318149,739920.84631783422,35225996.791565076,6698624.2014971208,1635586.2187881249,9024823.2980376352
52192994.261809006,17940870.185002297,6180918.4807811882,16846107.67428188,4891091.7356687831,2704962.9152646032,11993964.464426016,4793903.0163354669,178866.27586659978,10894663.470251974,36276628.038200967,3295584.1413036082,65006795.021190688,13819118.5806245,47890710.024326481,2286026.795823616,3096814.9257428301,7100594.2268276848,8193179.1838546777,5386163.9174498608,8975447.3992293291,9112679.7033092733,1880752.5339019129,153992.41317426006,1194151.3631366477,13848816.385181988,7707828.6092210095,7256299.0580484755,1021882.8054622601,13044656.237075193,11183484.058744827,35600846.019412518,10110737.626921626,5366207.5118175214,984884.39064786502,34224580.373385854,6806652.6567586511,1983022.8829087799,16112157.372189406
58086557.832377762,25543133.382193748,11144819.553934509,21986703.742043521,14362658.069326801,7839079.3031203086,22822128.400836963,15816230.435285203,693338.99947687844,18141127.024570964,56481539.557287745,17006406.277587637,63638563.265146777,14388222.18565874,53335746.741829,2545247.402307169,3683020.2435678612,8768366.4453474507,12904522.26153589,7528777.3633899391,40304593.304895453,22148394.945694461,5038436.2631671196,420764.466512691,3642854.9483274845,35278160.111125097,18332916.565651961,9850253.3049743511,1344082.8080442846,10770857.882262044,10451632.78769012,35784316.776952416,12457734.857186897,7387051.7356899707,1335632.4725261966,38198234.030245237,8966783.2624647543,3601089.8540389366,20711081.19530914
44119846.769278198,19299038.65410414,8944459.331594089,17434515.051596474,10814620.386480771,5897281.5351649253,18450081.611001942,12359502.891457289,521996.79660783522,16477893.917133458,45036530.074810147,12875064.888004145,48034097.907278068,10907630.943304552,42045962.922134437,2048412.5884574596,3067789.6932082013,7247025.6419189852,10625260.863334328,6280345.703514047,32050991.73122919,17166777.407681566,3872335.4856744269,321263.21078893874,2760200.0276649767,26676116.20296013,13803609.045216979,7331931.822381461,979783.85373642819,8257746.3913443545,8201600.171298747,28251413.699522335,10477970.889899535,6081244.3281630948,1087914.5662363714,30338347.77585572,7051811.1655813921,3010168.2844301234,16216379.11012722
32295452.534362212,14038971.764149796,6988637.4953881418,12983060.794007068,7837795.3282936458,4287393.7322441237,13410633.154586265,9074062.1378402412,379967.30342531501,11983215.853599939,33022330.726498578,9301482.5580034275,34872685.745619535,7934510.9879350364,30793334.080282383,1480064.3925754863,2209918.300701079,5272215.5605316786,7754620.353859202,4597641.4298866708,23605265.405703072,12488995.109604962,2832001.2886390537,239491.41867337361,2039770.2156096669,19696982.025012247,10024422.506033571,5281397.5144940391,693247.06679774274,5857264.8177450569,5890467.9782760357,20325369.788728651,7536532.2470444217,4452252.4076989219,791569.73864866828,22336387.804533623,5319331.859340949,2266144.8744607279,12810917.659890896
23381777.160681456,10104488.106011609,5619706.7026519235,11371427.031453157,5564047.4258819241,3059830.8995262589,9463590.4095581789,6508394.4021340208,273191.63111231494,8445976.3479641955,23836486.858606897,6562626.5193250459,48902497.479989365,8610088.3662098162,25748553.066108748,1318351.5862233627,1730084.9126883652,3911670.7998218648,5513161.2264036676,3257947.2978232587,17040211.282276217,8913354.792423442,2022406.130449947,172172.10654774259,1459356.5490082167,14216265.646308152,7179534.4385117376,3723402.5371581172,477992.71696694416,5497093.9641124774,5778334.7052449249,16092181.284859998,5752671.8058401924,3189384.3048167964,567762.02575625782,16404826.61480538,4141594.9850694207,1707837.7424529644,11584178.489883877
16629861.496035242,7068993.2349477652,4300675.3976328438,8322823.8920388436,4288117.4407172557,2415465.7078957097,7424226.832972263,5527738.8773373673,208597.90780672396,5790391.4180498086,17371740.313206531,5290996.5229666336,36031616.725379579,6186850.6635102639,18871480.476297256,945574.99280930997,1243436.6659869824,2811861.0780290323,3881803.7494281936,2225687.8832733515,12178871.06758886,6365202.4311799537,1482034.5827359841,127631.49340659822,1080333.2104442185,10465520.965995511,5376988.7289323108,2768278.199298359,369733.304136527,3810012.2079396197,4092317.4703334467,11313910.475238901,3914635.3112647454,2198260.3680079291,389448.97583575972,11666622.019958716,3043271.7822706955,1227982.3776387952,8598430.8568547051
11938213.077332634,4980435.0453619584,2999317.6917036655,5808632.5801098915,3013191.5675869784,1685183.7770881848,5177650.4479284408,3905536.7447638977,147377.81202306852,4097382.3822391015,12165335.615431249,3745703.5689562722,25887385.093461651,4423840.2263978897,13342048.732186623,662729.52548890852,848275.41728231928,1910888.4707276472,2626073.9593360107,1472890.3425632007,8578823.7249466032,4427089.9163344484,1041916.6666499391,88761.699636680292,752115.81556079153,7315056.9966176972,3766787.5149290804,1897398.5182523543,268896.70212831203,2584194.3569771447,2818551.5134794195,7627636.7754855938,2981970.6295388942,1469144.7747432047,261779.95522109291,8206070.7385120708,2138566.8062853212,879375.71103461843,5972569.1907684719
8322865.1199082015,3399914.980617756,2021663.1305817473,3926390.0361804748,2123569.4040268846,1143512.0161948651,3796486.1505196402,2667558.1785541223,100964.50631083465,3615900.0991022042,8129829.9618734419,2781275.6955182254,18193986.775664613,3054337.9112366983,9188193.3386840504,446360.97518847906,603909.04864303453,1326660.8827135379,2049715.011284,1300291.9339568173,5889210.3855452389,3061613.0219076024,726481.09869497793,66046.366949602205,541289.59068771137,5193116.9968950022,2570942.76850734,1294352.9195038697,239858.55198157497,2288147.1132540856,1980609.1952982459,6528485.0885369536,2628861.3890510364,1152447.5634605761,204085.67635994207,5662965.0927392598,1462064.8174961766,638225.37976075348,3979647.5084501444
5620229.3316932255,2502484.3560258634,1575767.8638883657,2879709.9174942863,1894994.9138763826,929142.99513140717,3353897.5673581879,1834233.6502817764,68487.070679531316,3183850.4633640163,6873630.7291117925,2483405.3105254215,12681985.267791558,2035103.8997644444,6066800.4245687639,352051.90742655925,531494.40413940384,1170842.0268659086,1812185.8345534892,1148132.586726906,4285190.6870035361,2713096.076392387,629264.39387548808,54445.704286419488,459505.05005640921,3943411.3594575287,1866970.8115212191,1142105.3415177704,210661.66828356407,2019655.930494037,1751873.169645862,5750991.3565472793,2306511.0530252834,1017349.673364362,180151.96287927381,3779461.3738377462,1000646.3530719099,442603.06372350559,3260433.3928160686
4431495.2667114912,2208599.9956593458,1387476.3291317048,2533237.4436340602,1656988.4745846179,817568.23217966547,2904206.5478548598,1614376.4816865148,60411.029401930406,2846062.9097294891,6033435.1378866779,2161460.5112208701,8696314.7269219123,1757387.7698183812,5055037.215869992,309787.61721265642,464613.47012934258,1019991.4792471902,1582131.603507207,1009144.5621144178,3778830.730751046,2370354.4918824658,553907.11036643037,48725.223030875262,407842.32195708249,3481913.6468162327,1643279.5955233618,1001900.2513008175,183649.242545466,1770492.1656229591,1541319.0923310169,5041140.0370880384,2078511.5449537484,890966.24615057709,158030.04848875591,3198052.4935286534,883249.60718476411,390731.23814414447,2872735.1682712869
3899834.2145304051,1977256.6984225293,1215903.5522799895,2222848.7843584255,1705287.639363528,784291.30956065957,2617568.5586670935,1427019.8240377393,53755.474518145893,3344931.8605009783,5316495.7475228459,2469180.3221292263,7714683.1872841753,1546053.529546293,4444998.2490243632,271220.96786800021,404380.38008341362,887893.70183026453,1431599.8972292331,916879.66997233778,11370937.330367222,6779039.6321379198,1269702.76354179,84357.960277630162,615008.34889121982,3524773.1987568652,1460421.1309601094,874220.27305299905,159078.28790219256,1541256.7132556988,1348010.7613678768,4389052.9247578513,1906084.4747627513,776177.04648993711,137774.66005363947,2813795.8581149541,775904.90052961954,343117.43983626104,2516106.2550002942
3465321.7248679101,1741853.7689525099,1326859.9741016938,1989153.5469099027,1529425.444858795,689161.33383727598,2308080.0429496481,1247791.0531848716,47033.866417252662,3233570.7839752324,4913555.8266623029,2265368.967663948,7180563.5540068401,1415577.2610728373,4196561.404337314,247119.49266903781,352938.93626050255,781117.70798858046,1283333.1153054459,820474.88240611996,8425776.3906008843,4959179.3772270586,925596.46216311469,63224.197796730936,490756.23166101304,3290496.3549648128,1276672.0979472206,757775.64903704904,136725.36719883347,1421114.7814662114,1248862.746172888,3934769.3886343148,1779638.3966508193,682232.80417925899,119734.56072380488,2772065.2744771363,781576.84513556317,321446.46778093278,2332210.2978019775
3033340.9818048035,1514974.3997724156,1166146.165166982,1760874.1055527346,1343431.286042284,599219.59425804613,2002733.3013060756,1084476.4170768727,40860.999069023317,2994321.8362881555,4295065.1798804859,1994851.3544599202,7958036.9623506246,1506841.8375730687,3827882.9122188226,255795.905079674,342182.81169569603,711446.1226038977,1129321.3753042212,720514.67606093886,5906400.4804726066,3314281.9811282577,680544.8915464622,53828.561090052528,439404.37614626961,2930767.4933340377,1118902.3178067436,651237.07329915161,116313.1968164007,6529725.245337029,2009564.9089636505,4365089.9178667413,1661674.313228948,597396.50591875461,104917.06854379634,2450435.2823880087,684683.83214901236,280686.29785118328,2028967.3768247049
2621643.0818964555,1304672.1694677812,1012132.0436624874,2186544.9599447171,1222256.7143890224,530011.57260028424,1714392.1384195203,933494.41307291074,35187.529785024621,2813577.7128949696,3727895.524233771,1893222.6722994063,19868919.528855179,4830787.7332703723,5924240.2210849673,329994.02924713958,375583.82949895452,741016.25645432039,1006698.0652023022,671542.86183188856,4428888.7963220999,3072238.0566916848,641564.32695089502,50291.437810612733,408610.43431539979,2584841.7609695941,964452.73334245442,554007.10195935273,97714.988823991953,9600432.8555390388,3996352.8991261902,5013706.6735082064,1603917.8012583919,571294.22990532883,102877.20914119259,2344609.8224695143,627272.15872573631,246917.46210106046,1768781.5349975312
2256671.2710451935,1109422.5880065891,871318.46878333902,2178580.9664295977,1087028.8026671517,463326.78731386812,1472511.9791316648,797401.38809272111,30022.656653940816,3228612.8469005926,3244527.914160274,1743664.2413441555,15893316.996331299,3846369.7612026245,5353615.7064619446,325553.12695528439,375171.12022910686,698383.09417182312,952213.41316939122,662576.44405297562,4801115.0168903302,4476206.2066390431,645325.58706830128,47680.393724793401,379077.56943749642,2263309.3895192482,829146.88641518191,465580.35227588878,80852.177975920655,7371694.8140541576,3532006.3131760117,5945983.6211030297,1710910.7286771287,565990.32442972076,99653.945580794767,2154478.8714817641,546427.08527003578,212865.02538146469,1703605.8101961503
1924475.117853547,935497.63521195366,1113284.2332173297,4443244.6883660359,1135225.5400430148,452608.50975495594,1651405.0779904609,699556.15449439513,25309.631298722987,3701567.555476916,3332707.2266800422,1664665.3993394619,15912134.63354069,4001521.8793457318,6520184.0539832553,333677.27138413372,381577.95846783568,664514.99921010679,1189337.6264106701,770314.44555962179,4149617.6391511112,4151836.936038244,616673.48928486533,42836.525692492018,344087.37314571824,1962623.749115784,702238.40296929143,385248.99541530001,65555.100644451202,6079188.4233280281,3723986.6820526347,9758448.9597529564,2246657.730976711,621842.34345472266,93169.697664786974,2080334.9150396658,713857.47026500525,317979.99573401891,3514624.2472850974
2659555.0159796681,1034077.9664776275,1040567.7997437947,3606308.6522115148,1124485.1175725143,420216.91992134554,1492187.2716085985,621752.91845315497,22303.105936650609,3451773.3841784475,3421220.1758954464,1802519.8727466043,14013757.777651368,3202138.2722237138,5438805.9046690231,312768.88520198007,350556.90199852566,592721.14317580231,1193198.3871563345,758393.47955248598,6136590.899876113,3689311.5000204635,668977.32230814616,50585.199816319742,383272.75855178188,1921276.0756384039,672281.71064697579,482045.72768547997,78814.54942251851,4869347.3941249717,3198128.3034092626,10260164.147427065,2235993.9596122475,598847.93586100591,81259.859467017581,1870107.7565767358,654551.19525998295,297605.51474916941,3829557.876042902
4328000.8481860738,1292899.2813847938,1225780.3648283922,5843896.0483624935,1168405.877355132,425199.42041679774,1586953.3944444512,617525.32723696844,20585.464833110276,4647040.7899602652,4150780.2378494106,1813694.3004659035,17939962.457973592,4243846.0834743939,7975371.6754062148,544808.65093599213,576131.39116329548,1057589.2248581906,1425887.6475279136,1130414.138007324,4886671.0425743423,3187848.6751542664,656253.75719205546,49064.504032504628,372405.99623143399,1814062.7602468426,728187.03890099528,834425.8286780566,152045.51140923967,5194874.851376663,4192212.2185298805,16545900.388789244,3812175.15970262,910710.02801526769,144904.14403233599,2609182.2051508017,849674.02158735157,494304.01722767408,9106081.2618948836
23922009.673184726,5325309.0921651721,1991595.0058401164,8838729.4569675401,1441421.8771124685,704136.52157311712,2229844.9516427256,1523589.1424570028,56947.594970190024,4076623.6983480505,5363268.079396884,1988749.6995809751,25224918.084973566,5668863.7801221907,13765653.30743688,744951.40615051228,850255.3541435753,1251800.8347800721,1509289.2189167717,1176815.6293449407,6916771.8296204749,3053456.3365637837,767973.82855140232,58100.138291973344,439896.23683596158,3094042.2978112004,1941203.9428410407,6180815.7602780703,1707224.5465344274,4825526.5807894934,4191493.2732397639,14931841.228287037,4088010.6376785142,932177.10452106246,142098.90542055276,3392462.2869466795,1791356.1853738073,1102909.8899423536,12719730.077677937
20754442.313664675,5497289.4218466263,1856010.9569335384,7356236.194762866,1621190.9396064186,765700.76374772715,2832918.1820699829,1544928.5192006743,53450.156380502551,3668160.2078426802,5268158.3693584995,1908922.6892553221,21174871.520862631,5112788.0994105646,11797988.817403458,597165.02517094265,639309.6530886516,1178192.1060480098,1468930.4752886465,1086368.5072412214,5745147.7726805266,2810715.8932321849,677355.53012024029,56886.159054240285,436895.45209925022,3363997.9647121159,2088278.4354257423,6175048.7517670598,1723609.2752530926,3316193.2185291043,3051885.0054146121,10668564.461501166,3090960.8220796706,870757.95834248199,126524.35251499414,3089376.5072258753,1492668.1757558258,967534.50188786665,10883256.183982503
16706817.12575447,4694999.4215904223,1560217.9811671847,5711457.9686390497,1519471.5595662217,713608.73312692053,2703524.6223150971,1461657.1132148763,48360.10650122376,3248558.8689814252,4795310.9879555479,1748726.1407041368,15319946.091713583,3582095.5724060056,8359801.9115086384,437353.46501900622,592233.20220069657,1103604.8729125741,1319939.8013959331,963256.02531813167,4370252.5672346205,2576294.6458468968,631171.18592051975,52077.73215292002,402776.68297980767,3114312.7554746419,1914110.8930539489,5736254.6477720486,1781206.6160728445,2466047.7831749534,2042949.442833598,7294689.1470597871,2734282.2897254215,777852.88858296047,110321.94728745075,2751148.7561662197,1042366.1671469935,738390.44240012264,9940662.6339671221
14007984.138946708,3742843.6503484366,1538551.7532892248,4016274.6233241837,1342682.4181949152,627359.25623269391,2380006.9217188647,1327012.1619541699,42366.459678000087,2834084.6990202148,4208273.9259137306,1520522.6050886458,10716984.446773482,2487893.6785190115,5715253.9613620937,353709.02207137318,523130.3000918465,973625.29761098779,1135177.8665296794,833158.24659532786,3879528.7144984971,2277403.8413425395,563317.24854048283,46412.6725445587,356962.84962212492,2745590.984453124,1739401.9943875959,4879479.2182943625,1506873.6849427312,2178278.7534672092,1809664.453166509,6487903.0088316835,2420905.7150541446,668238.4204466145,93379.84309275866,2412430.4649336385,955439.92243333464,538731.05646284274,7261291.4960432975
11964564.077052919,2987788.2608979712,1364071.0420419646,2966472.6904027141,1152119.1680945545,537380.96539130982,2039662.5792180251,1187252.5422719889,37442.097123824613,2482281.0171318096,3571516.0979831414,1291102.5158051241,14031627.77203547,2567331.2193811894,5081584.000497519,341287.82623616641,482052.99534033349,845664.23292906652,957827.13796585228,728336.76450640382,3395675.7472901242,1975184.8160579558,490498.26504951343,40222.700219016391,308418.15068682004,2414631.2444840833,1564963.1332568973,3639042.4036565772,1097129.0287791393,3782900.9531515436,2449754.5421296097,7526973.3361381786,2369329.5346756876,574925.13047365076,79019.628148949705,2067283.0774868561,840974.0250005296,418146.30507649307,4949752.7861879887
18000767.409393195,9435118.1657088008,6560442.0362476185,15716251.421366615,11254457.684607942,6378101.4099845821,37090002.593114145,17854316.899319798,415811.65388254169,15085629.295985941,52693636.848052815,7199692.7696548207,53223746.910530262,11743484.744877957,33383424.007091641,1768599.3405679408,2661832.1530920551,5258801.4473239398,10696786.820716353,4508083.4990871176,10298778.351376683,11426335.791321015,1992708.1478599412,118303.35854300726,1042157.4601859752,10970987.456246784,10945768.219576705,6929456.7082803352,1456897.0060634748,6108272.1896896437,7084553.5188371502,24838119.506761976,9175332.5079459138,3556464.6878375872,361499.69320188032,16571062.651254043,4594148.4863226321,2156595.5714462209,13379140.796727939
41701963.449063212,18664872.300211165,15041499.338314924,21597597.558096126,17651042.956037112,9398248.2888688892,54222319.067542359,23654479.976916727,614050.62428779609,20722531.354679897,83234003.137499914,14479978.141224036,55354728.52606649,13514405.105155401,44908115.779556036,2010135.0748318962,2928502.7874393668,6455749.3447709708,14903161.268567875,6374385.339138601,17427791.262251507,18022099.510877062,3239815.4936069413,197365.4991691146,1798439.5442405103,18285683.696662772,16711464.424313473,12957801.27578415,2852060.2437823475,6547293.3613961348,7677935.8825408174,29845639.608867239,13119740.733662881,5461668.0659515196,689352.45935047779,25804938.428665813,8334947.8529414851,3128118.957728324,22458003.839978121
46264693.28044913,19215089.018870968,15658563.19290244,28234378.938368525,15398746.511510432,8477983.9066257421,47704397.950594455,21347080.480101824,609394.65071526763,35323777.066914953,76916877.761596307,12413420.706583343,42370699.758811027,10497243.669944795,44022438.994240336,1709221.6737316493,2583181.6439378262,5972893.7050700309,17655497.587703604,9032858.5453696493,16106105.104568111,15493730.762846673,2814179.0825396548,172345.15782538711,1558110.4659461086,17266694.247273609,16096786.182144929,11917638.104357097,2403144.496316839,4771838.3175331242,6148557.6545952326,28016306.010120545,17794216.629331265,6476046.1668748297,759229.91279758897,25664502.979748815,10301530.450351864,6487777.8692682851,32112399.888140585
112298749.84575094,37463805.731642812,16326326.151610132,30705885.237507846,20320118.319524255,10852191.197794009,60641386.025849715,26460880.779984549,656503.25590686384,31940399.576106787,80891802.221454874,17432549.220206466,45467258.970890969,10532638.333694879,45401167.715926737,1789228.5073326272,2682670.9559429283,6087229.5655821208,16814834.95990226,8590457.1894199327,17796591.412338343,16804494.090805434,3497024.8953901469,262413.53171537118,2365927.230342478,27487587.480819445,23733839.944290288,26549283.674598109,4985658.8516685013,9655317.9564919434,8768533.8666226752,35638679.81200771,18160143.830567308,6402186.9927932713,773551.35153471318,27215984.670768701,11187499.259640891,7273109.2191086384,36332506.378019951
114516790.49352302,38735512.724052697,27515452.909464456,37581403.21002996,21646381.689404793,11621723.374618283,56062306.808140486,27402700.362216555,922153.64081087196,27581278.770767301,88792575.738379762,22071245.701695301,60826038.791921809,13835060.51099406,60451370.629422776,2294603.3524620859,3410408.1904226216,7820362.7524345722,15697754.827099899,8183582.1345325056,19579976.750283584,16423171.77715374,3773367.897279317,303602.25756302458,2807680.3127370556,33348665.839495014,27374517.499062844,27282772.208299171,5162194.9052894367,13847024.072667701,10946044.435111495,36532754.637372024,16760391.414820721,6529380.3282285025,883874.19868836983,35545878.032469451,15406133.441459579,7861707.4415905038,37664656.400530599
87848967.758892387,29480343.649487317,22780635.829800531,34425068.982208915,17327343.140375428,9192354.8894132152,45644063.495839395,21658931.029666677,706756.60924408818,21459240.281803291,72749152.57315205,18059988.848148528,68917895.077342972,13550280.269185871,52784105.824790493,2077149.8596408314,2985441.1388534508,6651693.0750816008,12740809.424752269,6684185.9305834956,16222170.401643079,13829596.572118802,3156803.2085238849,256062.24557501377,2325829.0703348024,26201986.393492296,20923259.837559078,20728173.092911743,3903733.5224543,11503522.394740343,9697165.6049113329,29810630.681205075,13253861.543180924,5279017.1440012269,709803.63447764353,28602086.006869998,12544782.195011964,6166809.3785118349,33042219.718388919
67405156.464703038,23954443.408303544,22565691.873463396,37748561.728007086,15629380.071528187,8210700.9616436409,43979533.020616733,19359211.575888045,525943.02715313202,17375632.440715563,70147647.633289084,15425022.598243885,53860608.202913083,10545960.518309347,52585994.329202294,1732174.7791693071,2552962.2333727698,5954670.085900723,11339818.892569637,5492826.3062487049,12975429.78115649,12738544.170385281,2860523.0278509399,238966.85211059722,2224577.1539642583,25054448.187823825,16700173.133443702,15824260.940883188,2932871.6908274875,8411824.69921281,7225439.0494675515,22454141.028871223,9845251.1179585494,4492379.5905238846,617252.35780056857,29536750.732206058,14100060.00121337,8373235.6572661577,38193538.861067511
65402826.486320779,24706118.399600886,20583809.81194932,35022863.148395419,13937623.318715451,8386182.4951317161,35693546.491109297,19907393.143752377,859772.84954880516,13920520.291333793,57539417.667874053,13559406.561701739,61220294.228738755,11687258.37897913,49598964.871618472,1914837.5855943535,2893588.2587602213,6299924.2732480941,10309625.640773015,6398969.4997730721,11511812.526993092,11264901.620322399,2477245.6689997972,212978.72808062509,1974850.1471107956,26486686.950895153,20431625.795529272,14097605.590660069,2386932.0765277501,7589759.8727775561,7480450.4962456832,22413384.995640587,11946315.946909606,4462305.806625559,540067.82380840962,25374648.015937917,12430117.322437866,7307515.0596465319,34974723.514413521
65973880.458441094,22032243.496742789,16900404.767448064,28910136.278802652,12033925.66740202,7018549.0152628422,29967730.731963381,16074259.421390515,696414.23845015955,13455834.911604116,47707306.847352266,11502899.208780436,54596385.443163462,12005728.250727247,44115250.001736976,1658795.4539562748,2336666.4244238362,5348173.1914433688,10097255.693552459,6028439.9162705569,9567783.6360632423,8692934.8340578433,2006903.6272171261,174390.44708119973,1633860.0066418899,21969322.272037644,16982648.89993871,12096315.177189665,1825200.8084274782,5559190.2444894798,6132328.5124123925,19255454.174349833,10496302.693491558,4380052.5900740111,596750.79957074893,21471043.671808455,9894321.0148922578,5782351.5229972694,26912297.219476659
51277092.615666799,16722647.68946483,12947428.757394912,24497331.846714437,9231825.8053719811,5365395.4409194877,23758505.360779714,12188758.550653936,521161.38055128045,13713591.740537094,42559502.170113973,8570758.7953430135,53981065.2096714,12636560.950471316,44222769.768747322,2028837.1582688475,3090025.6218697876,7196121.5179040832,9870177.5393377952,7366329.2028576676,6702944.4634449398,6493806.4273750419,1461659.1356301904,126100.73330388703,1186207.7837544614,16275133.324279767,12772141.363274947,9099007.395667715,1351246.1187685225,5028958.0449918574,6918785.8881906569,26853679.508544244,14616488.765835997,6098915.1238931604,1048167.8142855638,25465488.484668158,8145370.900104465,4343276.9172888184,20264771.246371891
39924167.814308561,13812969.519723646,14841470.377686238,24412461.244824134,8344792.3538992433,5144069.9665768985,21745729.610190537,11865298.070534784,585774.76523016673,17026173.904186863,52616702.802828707,7712221.858659354,42825043.0296553,11233011.996760301,50773316.843750112,2213137.6149750333,3497771.908524659,9305471.8773994055,13481241.837276245,9350615.1406345926,6500502.3161679786,6133949.5161502315,1303143.7345289595,106323.73309867221,1005327.7776294248,14618910.885417389,12688341.052498,7890032.7897983445,1162198.198121924,3910296.5030736979,6351303.0367211495,29133232.414929453,16262298.884956485,9163225.8021070007,1939037.8552913032,39918172.705293529,10032388.538709257,4664994.8530339273,23566784.024522144
30004127.67653951,10307719.631606203,11635363.927118741,21875023.080683783,6202753.9185764734,3813339.0069312737,16379496.519460224,8817004.0998487957,439671.07653552701,13393622.235424494,40244129.238569632,5777183.0184177849,41389146.678610221,9344394.0558497831,41243713.835114077,1757649.2162838718,2743732.5278700525,7271367.2283364953,10851054.299679475,7448110.7814907311,5467964.0050332686,4448435.7584101167,976734.52198965487,80949.721485767455,745798.40925210482,10706749.553103816,9449643.0944470298,5862068.0990163693,861292.73331487889,3947403.8466483084,5492960.5443218295,21981942.970816411,12451998.98097937,7128628.0407357076,1481693.34119389,30770673.403707955,8387418.367088709,4906263.6096526748,21700088.736504141
28702047.828145746,9121702.8584218156,9167427.1597886253,17310469.808391269,5581596.4894916043,3342358.702649835,14487510.093624586,7286125.1038462641,360035.26474100718,9558862.2756544128,31315493.770260692,4773820.9342065677,32141293.96754504,7576463.7958513144,32506260.767317437,1517551.7232940095,2546933.5236817896,6362233.6049267193,8115351.602153603,5403105.7647109451,4576083.8997834306,3531566.7121580183,789870.08652350504,69685.854724051838,666345.18039335101,9927286.1969118509,8126556.6949482029,5700194.8030974623,892533.51443114935,2678774.2374248491,4186476.9758146601,16564302.497279609,8920491.3339257501,5273613.3370467657,1106748.3517943658,23039816.220679767,6552074.3458095873,3919208.382299643,17839706.318434622
21550095.738929447,6661643.4497224577,6737058.0654884931,13189717.176654985,4100308.3153017834,2473052.8357963278,10826366.094246002,5372524.6079136068,264596.33607528801,6689938.313314857,23734989.634013597,3334931.3494650293,24716882.471147072,6118793.7234611884,24669597.988790184,1104804.6073094613,1820198.0729117075,4617659.6795496866,5931738.9603191745,3859259.4463061197,4044658.6559403609,2906285.016713629,656360.00523369422,55635.499176540434,494469.40571050905,7139358.0005266042,5936529.6993591106,4142030.7874707188,635308.62479456328,2321370.2074966794,2926745.1940211426,11500184.501414185,6269295.9783541476,3817384.2512702011,812378.52793963917,16838331.151906934,4882673.8342324924,3009470.2411231548,14013536.884602621
15417515.750566874,4601972.3581946623,4779810.2325106282,9542060.7239499614,2950681.1879456542,1774673.4674144785,7899145.1041227244,3756570.3733032313,184874.40646546765,4675286.2254840015,16921755.545256719,2715612.889447832,18249938.033158965,4353573.9996706815,17710135.489986725,774775.56073305046,1271759.6113294244,3249695.33952421,4392978.6667133467,2680725.8082230082,3580601.1481491169,2575133.6755877347,584363.19780007179,49554.377301564535,439607.68884701736,4826867.4218669757,4105207.3818773301,2887744.1562090325,434458.44199975888,2047928.2800371512,2010858.5452461317,7722907.6344679696,4290829.7860720009,2674610.7315239785,568216.06340211455,11869559.28445456,3502742.9379603793,2243883.4396517151,10041255.700198993
10849575.001186891,3106030.5111924196,3335931.7741896315,6707727.1064529028,2133005.0608797437,1209145.0234162873,5417246.0654749125,2561380.1716254875,128597.21852844325,3860631.0516284346,11692871.576307911,2406450.4022281906,12558773.479558267,3014534.2537186868,12439629.281042892,529396.38361556013,864918.64009143552,2233981.7033055499,3031390.6696682852,1801466.6850619186,3129690.9113022978,2262213.2339006346,515080.88954108558,43571.466456594346,387044.2361634667,3869648.3118842733,2810097.3726180247,1972934.8316789968,287410.24450063193,1793792.7142285088,1779278.8491474015,6551060.9172306443,3069106.5396069833,1829359.7604525022,394677.43406724755,8349274.7954354417,2472094.8365352089,1607901.1499365063,6955675.8051636219
7325806.9363789055,2426937.3688142891,2263391.8371391036,4675171.164390455,1858300.9086606607,941553.75403549871,3859806.0952992034,1804656.9563246649,86303.417368300914,3474662.2172535886,7706019.6175229223,2094761.1474947974,10524693.371390086,2150951.6990360548,8593045.3755679838,373450.86208997725,607057.90616191016,1473327.3136029996,2159522.3727555075,1394476.4041912111,2708570.5564078125,1960876.8828002145,446096.12005191849,37938.928805091229,336050.01185124152,3396805.3627871624,1915368.9868182498,1306687.0889812694,246691.76131750926,1645882.8078662057,1608263.4221939859,5782824.4929633988,2769608.7699026773,1240778.1171895191,265994.19199345063,5741987.3910652222,1708595.9746251162,1157230.8619676498,4695330.8303568652
4845906.5382126216,2141911.1062019966,1631690.7958543655,3096815.0169125446,1632580.9137721576,829916.1833742141,3405664.7690281216,1591800.4937105239,65125.743155843236,3061294.2796640201,6761312.7076747334,1822339.3214429829,8678956.1176377591,1851353.074642472,5703293.8432873953,334665.54094799212,535250.82233498711,1223077.5588305322,1898478.2569250658,1227715.0015615944,2325880.4699798794,1690436.1842249739,384863.02022557735,32924.899061267737,291538.21709539945,2977976.2111040866,1689286.5878583603,1153448.7590564522,216850.95227472464,1898488.7807698522,1593297.9704974641,5110112.7730840668,2443621.8409233284,1088636.6881104345,204939.39385952312,3823965.1018863451,1143955.4642678762,804167.89793449943,3424052.318016985
4275213.9161938531,1884292.0082658657,1440723.9167892656,2715668.8442137735,1584185.5018571829,804285.5528406339,3755254.4097865461,1603042.4614257589,57543.54632136516,2800763.3711215327,6428923.2658527764,1800885.5633912305,7743055.0808957564,1745298.954664265,5206807.6164988708,364520.75777688756,676173.156350284,1498110.7660844396,1704089.0472773204,1084465.706199158,2103746.6890837257,1965700.4168551851,410530.9395992959,32884.397916995658,287507.51901199989,2647736.9845986613,1494227.28905574,1013121.2566530514,189502.61492705665,1673182.2574075765,1486982.5432379288,4744767.4821988903,2170652.2816008846,980761.44521009305,190477.90999889222,3347393.631846888,928818.77835373254,568003.73519025266,3020221.8395854947
3768266.1579447836,1646126.0580839,1271323.3823340985,3408594.0997325215,1421415.3487896184,711274.11227582092,3446419.0558515419,1419362.3222366457,50458.616904146671,2459871.4921909967,5755380.7347321119,1617514.1834279778,8430879.9480316676,1763086.7406126466,5023435.0771041019,333381.36728096334,573676.60293359996,1262321.1065172704,1520040.4831817083,954718.25793413841,1845000.43208862,1770188.4856858486,367729.81975468202,28650.087649723835,251228.65041035719,2294331.6646018745,1305665.5632635923,884591.45640289853,164483.51680970081,1534532.4118004313,1395254.5202117863,4239084.2573650582,1897671.7755954703,872527.264621326,168643.89993985728,2967181.9609620664,855686.97791627899,444518.14635811752,3249538.0767191267
4321578.2861505523,1943473.7540113528,1866021.5221899198,6953074.3598733395,1680540.1303608571,954929.14374200942,6146808.5513298558,2861882.8357039578,110635.26143145096,8805719.0011207685,9797355.9102174118,1621711.2333969357,57210554.890166335,11236820.179684861,19472060.460255608,1948512.0711080167,3001131.4169779266,5083418.768799494,3083031.1432486824,5298279.527029437,2020512.6215406768,1758393.4611590176,380146.4970155523,31214.712661731384,271225.84725202067,2805267.5432705381,1899519.4290890696,1259158.3954211636,250981.44945950879,20249959.914573386,14189918.839307006,48165495.535332948,20246734.981659085,3684155.5257958667,590902.75224916288,9229527.6202532593,1500659.2658054363,616294.41179854888,3548647.9502141578
15623092.179123137,3787032.8299496598,5857509.3498892579,10017763.022100642,3666512.2847476453,2619600.9982327651,14618540.889367228,8664205.3980074823,195499.99335347163,21568193.753424287,28001344.031685326,2781525.1303431462,54955700.655436605,12854510.172168698,27881197.426275358,2724068.5581089845,4685451.6315016989,9901813.4385005403,11376716.084232446,9605613.9323821645,2642528.3966460275,2201712.6385504203,497497.07084078464,41338.851032528801,373323.79076370236,3896841.8403299274,4916412.191838406,4983319.7789127557,836093.99570083409,15942516.825936073,12843812.334844133,45732896.542490959,22154361.702475712,8305738.1857547788,1777276.7174270945,20253406.475519057,3145119.6942420821,988643.68972906598,12163054.252671922
12844076.549097663,2981664.905302512,6403981.2975321123,10631636.42739366,3541323.9038173496,2282706.3100915006,12501201.98700913,6945971.940817073,149998.85836307064,18033543.602378435,27368028.320313253,3562237.7674162476,49445177.480156578,11730742.962557999,26876107.789833169,2522113.6954556089,4374206.6508622272,9472277.6228159405,9994730.9382024575,9002672.9212598689,2983805.7478344897,5254902.9546694411,716335.38805449312,50386.43349743537,437187.48901036003,3726012.9041416217,3916957.6796531593,4774043.3198206909,917271.15141132753,14280086.454159571,11915526.439763414,43587727.453918494,21181829.621876985,8048460.804600955,1743920.4800247385,19379408.170019753,3298909.3864943162,1187590.5461196632,11727825.802974313
9171186.284193689,2568662.1396195241,5499628.5629683584,8767623.1542438492,2507266.4197187945,1641286.4850647072,9372148.5559585225,5094631.6761115063,103504.36184626009,15800253.672693508,21352548.486135948,2805858.6557280361,36050535.486101925,8583694.6274514776,20656095.753432021,1861051.0077481172,3239438.3787430534,7092070.7044592742,8535413.3487592917,7457710.2126876544,2839425.0405729916,3808840.8075973406,652992.99876062002,47021.202628512983,406460.3170773781,3445418.8581226389,2818180.6566370614,3481914.6307236878,660226.8605312648,10397830.703409391,8714500.2343347035,32395675.222802863,16649365.610255115,6330598.7977438625,1321175.0756036493,14863128.691073017,2830454.1305896547,1222549.042859856,9811259.8191096149
6207974.0429442674,2293036.5029920125,3916370.967382655,6440768.5092571247,2031628.3216637003,1091020.1785664663,6474683.0324892057,3539008.7956670565,69683.293892952934,11289993.766969671,14983700.470844258,2475738.775452842,27271228.174769595,6754231.4457800444,15679219.892348912,1369441.9608304945,2345189.8740788894,5125014.6556415418,6121851.999085851,5419572.0571349058,2466934.7584625701,2957098.3456570837,576967.56226946949,41781.205549069629,358717.93528768554,3033520.1762313177,1950001.9369391929,2406509.4367369297,452398.13919836073,7451465.0562607432,6286432.0928475233,23298904.776096664,12041671.087103534,4566735.0358086536,956268.4893425036,10659641.635280296,1999801.6826524427,863338.2342815249,6951463.3596402491
4621557.494581976,1983387.6737416699,2682143.0777491177,4411384.1466162866,1775126.3810210419,914950.732859549,4445638.958564911,2361097.6504485141,60397.039155895574,7898312.2051990209,10177943.206075199,2165274.1897044387,19225373.208620541,4788237.7741122618,10954515.645665841,971786.84038880549,1662249.4420541467,3625901.7637602333,4277335.302146933,3847191.3822568054,2112802.1197317457,2605325.8587186201,504779.37099589274,36225.048796516312,309851.77885887702,2616139.9498334625,1686357.7976843631,1644022.3469305439,321775.94450212969,5251446.1394407442,4442191.4362299601,16497693.132494774,8588063.4364890251,3230370.9099021256,678304.638038837,7380157.7797710476,1350558.9153529098,584294.05493466184,4643516.8880762961
4401269.8073313944,1801756.2337671742,1927383.207080828,3077773.2489977358,1584570.6290517647,839624.75231256487,3974271.8472093982,1851553.5772583706,53041.997902429859,7418975.0872921245,8885021.9098509476,1879843.0079605815,13871197.040484022,3569109.4092067746,8910401.6652352158,796925.72481361683,1385539.6028675183,3043906.3259706241,3377911.1976430467,3011456.9520833073,1793299.8359770707,2262588.9436709941,435340.81884121202,31151.533735787452,267506.98118744366,2302482.6592117818,1503686.8936453972,1269387.85492373,255572.09504506519,3629599.6859043366,3281348.6113922354,12745790.672853183,6822637.6830137968,2616735.9188794633,564243.49947228725,6623699.2264224002,1052211.7207985357,430117.91624883446,3418530.1274276418
9604141.8208107743,2331986.0003339574,3344467.6427195594,2906569.7599570975,3238363.336098881,1642176.1237939163,10065067.149190012,4120677.0548319309,54441.473822225766,8147628.225364794,14097086.929470593,2492295.8271209174,9419740.0130019728,2447410.3554222919,7374799.1083202157,596354.87793311535,1101182.6856309976,2449092.0477646189,4267228.035021143,2677756.7263226425,2570864.4431495895,2558704.7676656265,544137.06517533585,41219.104503444702,379611.02480902802,3420899.5272783223,1860505.6222916809,4104136.9269856759,1009089.6892000135,2536633.311209105,2236878.9075241359,9162640.2277458292,5708287.3938175151,2318569.6400871589,416629.71496264997,5550464.3694671309,1371043.5506332349,439415.46291652124,3890455.9024826023
10801416.179810027,2353684.8476818302,2592152.6217762651,2700059.4172436181,3328584.0924933655,1910145.8476397237,12460365.997459823,5207848.2339383792,59370.252199059076,7738708.1711514015,14045343.65909113,2549314.1982359379,8114270.6400037846,2020510.5003262956,6125197.4007037412,618543.08540184819,1246550.5881859811,2697614.8098296463,4506069.573810935,2705491.784671356,2608375.3317495855,2825203.1896226262,576559.99176553334,43007.673704794295,406129.14038867102,3805667.3858943447,2003597.29845709,3612336.9033262096,759738.86368593504,2322005.4349539666,1995284.5843524341,8286383.1223322609,5302382.3127302704,2143349.8108402425,369385.92143621936,4786381.5831712764,1006702.9463590031,397880.60982078454,3330622.7515547513
12669409.841392679,2455083.2598715979,2910547.3082334772,2461659.176219238,3105080.7513335058,1925367.9685188867,10799033.650486579,5349675.3141184039,78241.930095700576,6506822.7122097863,14028758.117549133,2573360.5020547193,7182967.8379476396,1773193.3799546987,5437990.0034238864,455200.6821794376,928844.05292684853,2216921.9877785295,4590226.3190962039,2504549.0926668937,2537254.4266831693,2880086.0296513131,579347.16483497957,42411.429065396624,401672.88213667221,3840107.0100435675,2689675.7750204536,3703418.1800135863,767877.52186176996,2051066.0063282484,1776371.5249285393,6813423.3421899136,3951399.0576699818,2066010.6730636659,390360.66410199594,5139020.4613718903,1027717.9069354435,367747.08059970353,3288335.1189631703
12002529.691607332,2427672.8291273513,2417680.9273073818,2561459.9860082171,2361580.7094560605,1572999.4125552434,8636937.1206664089,4561540.3493526457,66655.235198851646,4378818.025910194,14164684.703799741,2330902.0926888869,6421989.89750423,1564327.2274454595,5203039.7651587557,355049.68432861048,623552.78327993618,1541361.809761242,3614720.0321849589,1814314.0758521769,2205412.4847088004,2594988.3343772115,524133.97465395072,38358.195145619749,362555.73289653746,3512682.0751367207,2142475.2200298905,2993358.6527865971,557360.68079824897,1932739.5894484962,1592565.4327962992,6028467.5834119255,3006811.1615801798,1548765.9279994923,279719.74331196747,4308588.2894967394,1120440.6019792871,454311.43513486825,3663614.6775289285
13974421.819707919,6780182.714696683,3973252.0164930834,4273354.344402425,3445247.2310047299,2159990.694302435,10803164.234716354,5020929.5133866016,72625.300582346506,5157522.9497692566,19627688.536108822,2584298.4025360732,6252270.058203076,1602855.497203324,6467686.5355220782,480726.13038287085,1063323.8400160205,2374505.25369129,4906627.2839188082,2753581.7723327558,2279379.2626013197,2447186.4263333897,522227.22861574724,39684.725362057492,382771.20507871831,5757813.3777086549,3916788.0575792845,3312095.7450993448,564842.09460118122,2067794.3482389755,1815827.0479530592,8274252.4543450046,4508168.4265768519,2083900.3339540323,296169.3217440513,5504320.9045010507,1983294.1267881165,1045891.8919850737,8685419.58592817
16938716.904010747,6871113.3721439717,5058461.646874412,9283782.4400640372,3424221.5671072598,1989291.5850113458,11488572.471380301,4420679.0325423749,67053.009910528606,6329034.6133201038,21160982.461685658,2491567.2737360075,17508253.194959275,4781579.3564965092,15748656.308408055,852128.61462688702,1314661.3108996097,2821769.8125232114,5676887.6463596625,3359688.9810589068,2079528.2449817783,2227972.7764226552,482082.71866869263,35982.239039222412,353130.17698388809,4891239.1292636096,3674462.6196458992,4298668.3157399753,907010.09610663599,2562101.7343890066,3507564.6915736087,15109418.252251394,5838317.7246125387,2480017.9144706754,341600.97312629194,8378776.3934909068,3042926.8779791412,1384850.733726444,13865550.911873581
17083964.808914661,5898649.8930078698,4922871.3495142153,8176582.510155078,2426882.4504986373,1510215.0898424583,8824227.7727347333,3552358.1191308293,63139.196880870521,4338605.6109804343,17012168.015582398,2227001.5954886917,15319983.653177613,3895312.0682031387,13591864.06788226,664833.08686339273,979629.84491504217,2126835.2353113252,4150961.6695609055,2448467.8432372008,1834239.8898515855,2021844.2192160899,425495.68745930697,31459.914383761134,310449.13160075177,3964449.2918684846,3031624.0504517048,4234813.0688031428,890820.25681765261,2467571.8657112382,2996159.8731229026,13104318.830792271,4243847.00680908,1820970.8747590724,240996.15397343799,7000488.3637031931,2728602.5346287028,1158880.7086012054,11669742.928732537
12566686.602428114,4168760.1330487621,3487732.1578548579,5759060.6910465183,2012291.9364828588,1029096.7930341897,6082431.9931724509,2442396.8278448642,56167.132992854349,3791963.1289127953,11855042.960903279,1945764.3443064,10496330.079534492,2836546.6574775991,9710702.4249278009,499823.60117684148,726814.37016913248,1475590.5332329201,2827561.697519911,1682242.9673474913,1551688.1884433005,1778526.2011536658,369218.45972265286,27163.928987054351,269023.29239236837,3512324.5886710132,2072679.2328405546,3320589.5370906242,774482.82667330664,2191696.8720322414,2290588.1219367376,11771142.342382882,3378157.422538138,1282115.0977683517,203012.83007197417,4902620.1441404531,1911788.6851457399,820381.90174391854,8367888.1132743247
8840289.3273325339,2749128.490834224,3854530.3448567167,5772081.7555547236,1756644.5750825421,900273.51162856433,4058966.0332804881,1782542.9907572267,48690.275841824558,3545982.3072922947,9523190.7015372217,1673665.1076262915,8297854.3743010489,2276710.3527497412,8837754.6864070818,558557.47096089262,975788.8427011969,1871642.6035057714,2435233.4836763609,1975093.7023083554,1271044.3244864854,1517301.8700208049,314667.80079128756,23313.620393762507,231001.20502618159,3068942.1277185502,1754023.9651069574,2319402.9668821665,544252.19698962185,2136615.8739287336,2570811.5474181892,14965981.115703033,4430971.3760696463,1319527.0841189001,197078.87976349687,4787023.2655170169,2007439.0945954651,904399.20406432077,8961974.4701829236
13692519.223536385,8813414.3670221623,4284605.7487823348,10290235.747272287,3200666.2335064071,1816777.0760421208,6840734.3412238602,3583143.2814946743,65782.415956530996,4098414.6729870811,15487929.098533385,2608279.785345349,21334951.430640571,4395458.0852897512,15116307.78938443,1225156.4151150892,2281743.4061041139,4308978.1620631171,3776770.0417686505,2595532.9184022015,2261350.2624792722,2442283.4690915947,511649.05848110846,38140.219703539522,377485.87405739003,6768957.2249876689,4290066.203348293,4173115.0165495477,1160255.1217350604,9446133.5672146529,6531216.0178219862,21166949.162053179,5743888.1247582296,2011246.4566225444,249514.97321181415,8411108.4659293257,2695329.2492374913,975851.88863277505,16181215.010997366
25096666.280309126,10534338.46037611,9633841.8209601976,24031400.361396331,4512162.1649295064,2337551.1777305282,8191233.9507562304,4653626.1385816988,118972.97349311333,4847316.4361956418,27933012.295387655,4845422.6822825624,33160671.036675185,5242675.6709373752,29448592.167631075,1218906.5615217853,1967303.4200854662,4236325.2729714699,4214445.3217096338,2865333.0730693308,3730624.4220888093,3255303.3155593635,664085.7417463538,51152.622676856212,482280.76676532009,8543130.3316847291,5529771.0133512635,6471638.1691804556,1535028.2109148446,9783759.4524844568,6568825.3604646735,21134801.566172607,7015307.1621089075,2488482.5792088425,364524.35863347154,17904531.625445951,7440640.359473954,4271355.5556970416,36280556.632972151
30951380.3038821,11984052.554429783,9017423.3774111979,23031121.373446953,5264349.9287027782,2571864.8317735768,8369667.4580000089,4359045.9267494734,120115.28904613656,6958159.819208635,25276548.456640527,5673104.956108626,34365824.006222203,5982970.9667560337,28427928.783846457,1297311.8852419702,2092025.2697585546,4446530.4471620815,5360868.0066567352,3709374.1232246077,4043230.5417673201,3500405.3585593682,915307.86254357791,75737.326906279748,835632.99288574164,12275691.09419678,5896454.6476613777,6708697.6411738619,1515040.294565009,8200612.7846380444,6379052.641965243,21635878.619883224,8560090.8702323753,2879518.364594053,401722.11087999394,15917747.859015204,6867803.2269195793,4245046.1347778086,34442463.870190501
23378625.270594768,8946881.4901237488,6597818.1839229353,17174458.336901732,3789985.5542412056,1828882.6960907811,5953131.0324583212,3043763.7030177838,81827.282758653266,6310139.5608611377,18609648.208629735,4002013.2832387621,24594590.554320745,4220254.2424811414,20886304.178066198,921449.13820073532,1494124.9511681122,3223536.4544328875,4185213.3412496843,2840861.6273027575,3644139.4321106439,2905692.3721598969,683434.93127887917,57402.090204886765,579760.47211307357,8821422.6311219465,4245509.6774481917,4968095.8913419088,1109999.7181697455,5882760.4443073347,4540506.0341605507,15493400.772632875,6379921.0796037847,2123906.9417760018,281176.02727283596,11705601.882424271,5051856.3466725405,3167642.3841168191,27334167.387168385
16824919.513432387,6333037.7858619159,4706311.6121280594,12409113.298479654,2555521.619775665,1233823.6011199888,4025876.3471805174,2031798.3449291326,64649.675350621947,4279758.0668490408,12925086.449481493,2854904.0817197384,17225206.542905997,2900987.386575487,14808455.687620338,638477.39372307085,1029810.8544063343,2216992.7852577437,2861599.3965147594,1961245.2030173107,3231699.5697823199,2563903.3508372353,608264.73536743165,51254.984471816126,471835.48360838706,6031856.237142086,2890978.2882076274,3522718.2803631234,787543.0401663658,4081825.7054137615,3141608.9459731039,10836296.245414026,4955230.9251947002,1430592.8361116187,211176.53106822234,8253469.4986096099,3638427.0538174072,2312949.7084644283,20172721.060107142
12070657.821654875,4588793.2449794104,3252558.735997044,8841501.2032082975,2126466.8274755459,990220.36477512517,3526953.8877903488,1685399.5630076341,56387.638199406712,4134353.3564648982,8774526.5724173281,2754631.440393087,11777749.358432643,1988388.1616898885,10562936.263930771,456244.68944269873,716701.44600625604,1543692.4457994411,2187912.5804896532,1745167.8343448436,6128669.5722639253,3063279.5592125645,826057.95219325472,76516.914791676827,646148.97761622537,6338526.3896065932,2016829.2605964763,2404774.389771061,542947.67687895242,2772787.9845643817,2194108.7665943247,8427302.795518944,5377529.0368680516,1214885.0419262382,189300.6748853238,5761376.6958383322,2566437.7087875814,1646092.2155917194,14421519.057786113
12421999.97994668,8396477.4836122319,2691308.1632211604,6947123.8663843255,12621394.398338236,4782134.2083396148,18821656.233469248,6372696.5674736146,182782.75522244986,44763695.347302705,35543697.606199592,17546121.797724441,18466242.142831236,5425427.3580863765,16572967.186813785,1779240.7942303144,3254788.3161616824,7144970.0019903453,18716446.072096162,16214724.142171441,34224910.77643586,29278222.915209405,5117579.2916701064,390695.86375089199,3166539.129809917,19234966.504124399,6108830.788909113,2795180.7722390201,535122.41649402853,13232132.533232577,11023366.16061407,63282182.108767934,45729796.164397024,9692995.0039193425,1347527.2822659863,17341935.889793638,2230236.6755134948,1323447.9024415696,10831465.936739283
14071420.853484936,9842239.5706046857,2554930.7792436751,10871463.608063685,11923062.627357213,5391962.64388029,17841772.174115937,8479506.8855398912,423969.44077611616,36666949.895364873,29751558.181381073,15385132.301963022,28122698.35464346,6208180.8553811871,18540631.099508662,1717769.2038145165,3052375.2873501405,6464132.3187894067,15560750.410864415,13599698.565180259,28280297.293664671,24193713.550374757,4268575.4633304784,320908.92634512292,2643818.4138924531,19666262.061778646,9761609.113306636,4101951.8968178825,874775.23919138825,10914252.14061068,9476214.285188267,52074298.190045699,38468476.955305487,7975113.6603231793,1056384.1053832758,14855107.909555677,2834585.053930081,2332953.5888470178,16248680.386880167
14623014.558804672,8600864.9099036697,3007450.780764929,11190738.378475595,9621159.4886551276,4713864.4623012999,15483304.419672461,8093237.6523345774,446802.60482321645,27863009.846341986,27686471.54624464,11691944.574117545,27482036.01820742,6151157.9041757397,21095852.685244344,1744027.2703218285,3140309.2572026094,6818366.5342814904,12300163.694102665,10613049.800783403,22099235.054966982,18117077.187562786,3248666.298622408,247852.78333884166,2029479.3017084361,16093087.213019164,9429720.5905806851,4148360.6345585729,829150.00209112593,8130959.1729555074,8066625.6383008221,46188430.100036502,30159155.782197669,7167078.7427421454,1123837.6729674907,17134637.739047535,3103776.368724714,2003602.7560977479,14633274.492092183
11021294.188860252,6251801.1918183761,2046403.2538446062,8195348.8780452609,7025724.1897564521,3490983.421356732,11171832.436162399,5910489.4433340337,331699.15957919194,20270669.914964136,20138144.874957331,8430733.0012972225,19432817.344121605,4358221.7534992015,15458063.743411358,1254121.7512071659,2269905.7133111348,4981104.3727150075,8927220.8714979831,7748268.6412085425,15993355.235400956,13217527.727210207,2373617.6186612477,181506.01088639873,1482264.8669132548,11727688.017704522,6952331.5540222405,3129251.4091448491,617150.63836947957,5763627.2391711893,5811165.5863431264,33678667.804010689,22114057.434313387,5256427.4483792847,827877.30188144045,12644071.995170968,2197922.2698432179,1459023.9971250633,10824622.006979875
7745963.0875163423,4298478.4940236257,1584869.3871082217,5711228.4704309441,4949077.8941830117,2451481.6706311689,7784277.3977796137,4115272.018115147,236332.26681456252,14604397.178832939,13911267.457200747,5897097.5329261497,13442985.525925124,3010905.8917060518,10756620.127444886,885812.59581785218,1606197.556477397,3519730.7676378605,6362936.0639447402,5577620.9075465016,11346090.699165799,9434367.3676990103,1678424.7566535138,126718.54770598508,1030070.6828223686,8138224.9156807717,4871518.9615223985,2159893.8008060656,423370.08080586581,4015097.055198601,4106287.12311676,24547294.333119474,16099480.776449393,3741096.5892244335,583640.48455357179,8877550.5856111906,1503166.3854218719,1035021.0409994797,7604476.1473100903
9609799.2382498849,4409404.9056777731,1419378.3483264167,5105854.4226312116,3430198.0634169215,1837649.5009108442,5623981.8777615177,3990434.8352358071,166637.55115310638,10339289.708583955,9895865.5648553036,4260781.7981202044,12566131.94142383,3628159.2419421836,10329014.10316092,697064.88015018683,1146655.73011309,2514075.633254034,4435106.8707717247,3931331.9824959799,16670459.057656376,7550314.9767054385,1742638.1474617184,154305.34336387221,1058381.1459303044,6697662.2135737324,4104045.7687652586,3176909.8023900511,947035.23489036562,2692991.4448032631,2934963.4760708488,17520905.118906043,11610738.932919523,2607330.1517474465,404337.13886761019,6253629.311017382,1150511.1188768195,904777.41743323579,5654083.8746142397
6743863.263765608,3035011.1400749548,1244046.3822745746,3559264.0430810908,2399875.8666909225,1344075.8235023508,5462498.117403551,3176769.1948284139,114275.61801146419,7629062.8274615975,7630046.3964845845,2926291.8167997217,9073531.2687773965,3095928.6938192584,8332431.3765170462,702015.60041758162,1256873.7189908782,2530596.8082860997,3299652.213888335,4181645.3358413693,14015789.242616743,5511862.3552851994,1319307.8755363314,118700.87727473861,782576.09919181268,4635437.8622862631,2840602.5288117882,2219147.0101993885,677838.63810400455,2357111.2126152394,2639628.5647312631,20229364.3933856,15804205.511941204,2472291.8448481262,334221.62319357536,4742669.5985152731,930469.54841896647,645267.75132358295,3771161.8137427694
4701650.7053661142,2421028.9112087772,1479593.4847978468,4196175.9204413677,2284477.2150508054,1154517.3703838147,4703631.4725186182,2527437.3507678886,82505.825070635037,8699760.2802623622,7336037.8965563104,3378558.3956087688,13264282.721497891,4789583.9734967006,10867207.774759395,644856.28790570947,968993.09453266731,1964562.2692291222,3792007.1034049662,3640384.1479657297,26311211.073575161,9461949.5088833906,2106192.2374879653,163265.32015630134,1033751.9950769116,4032759.1321935798,1987147.7357903474,1473415.0763865928,465113.43506620463,2090651.0405601594,2061871.7639680889,14882771.458198885,12377097.033681737,1988258.2006539765,231437.63741852972,3746028.7220529267,960365.84146209375,472273.01707267028,3279116.9797105337
9383809.4041833803,7502295.261404953,4197471.8867552271,10374173.894819723,11518781.052883694,4751106.4291877095,22900413.587214317,6508377.6339575257,146341.51662084603,17057184.583443049,30942239.782271829,12776762.314583501,28416782.553021044,8913833.6268896386,21625740.500057008,1790001.3705856036,2927486.1444041589,6073501.4042356918,14239744.412361734,10542777.819234708,31859462.807832088,22027419.780865394,4696780.4735581661,365700.50246693578,2972899.7416681773,18931080.204103939,5543501.7161645107,3276542.0751111046,827747.63644155534,8811623.7103855405,10050908.852523101,57319937.040994167,25450401.253000326,7933151.9946863176,1171894.1180077763,14796351.223729324,2793221.8490184899,997310.94784822164,12556335.112821406
6971060.8699337691,5501106.001016859,3463994.1504905759,8402689.2903845031,8645026.3574645054,3520299.3031393625,17259136.480226323,4736881.3868087269,102576.63189586764,12730720.840978274,23366834.400877081,9541352.2532257773,20537456.610198155,6552113.3734271936,16693692.234855711,1364660.7885194754,2221255.8457280179,4584875.5454601124,10822596.544971995,8000967.6319292467,23838785.934388302,16667095.539290065,3553578.6752369641,277540.17434800614,2240544.6924452414,14130993.497037828,3975082.8549054489,2321078.3227322875,593445.26477495406,6386600.0496393032,7442705.997807675,43517526.843782306,19283660.772811431,6023853.8415180631,873629.43030481774,11027602.561657811,2436100.9885932109,1062169.8829306483,11266732.237298889
4848868.0893772068,4891663.4214068465,2408625.2107282677,6152040.7200700799,6711829.1737715285,2733725.4693608969,13396700.455308048,3357155.3362245378,69185.121766749915,10150395.260152342,18143050.07741446,7210028.4271201622,15242678.872127594,5044555.0500794845,12877758.415872037,980753.12131959549,1571308.5780854542,3347317.1609629509,8559853.6312701385,6016454.3439134061,21149911.020025384,15171944.841916921,2937485.5582062253,222673.82402030402,1735695.1624550277,11626337.298196349,3157530.5565967625,1554992.4183950569,405681.02835443296,5178524.7211449016,5634005.0307927672,33232056.705987912,14357786.432610966,4638967.7570933457,683418.91904131568,8530928.4105971921,1742828.4641282537,736897.01636290154,8036189.0944482954
4539155.8888251027,5010590.1238169046,2845984.5620682654,8412847.6172969136,6827970.4266363746,2640208.8544600699,13477118.295512659,3279996.8368693986,63892.938844632816,13472825.467319021,17893184.193978708,8704759.9897497594,31222938.108575098,7147525.8994412897,14438630.398798943,1249776.1273027349,1710604.4113055349,3539404.7905459763,8434877.3655859735,6502635.53007905,31242448.493372839,19051711.523516569,3866649.8924849797,280771.26342870557,2062588.9837831191,10688229.012161983,2954739.9391750358,1369686.0681205783,336418.36429691769,15435342.730063129,10318115.931391463,42901998.812138386,20930444.288125787,5238703.1122691985,921759.66760616226,9747683.7356025483,2208920.7373103998,1581635.2692571441,9990603.4569164813
10169859.19228719,5600156.6236710418,3040272.3888454274,9506649.1562602166,5411896.6219853507,2209894.6598680471,11002630.646967556,3715703.8083349275,59276.652608584474,13465981.662088927,14336819.553261956,6951799.0837468654,25716929.236612912,5680982.109125196,11844569.670671409,955623.79520169296,1250097.7708796617,2564993.2583494526,6920843.1314947847,5120935.5477336664,30759750.713598106,18069018.203093685,3470173.4716951842,247697.63488806557,1751686.6078498685,8446724.2807027753,2969414.1319729676,3403647.3707018094,802487.51730912644,12710728.21375264,8561404.2326687947,35416121.996538319,15998474.066540131,4025294.3170736437,691357.34488626639,7167964.109692011,2170403.323683111,1541031.0755227236,13027836.521771852
20310214.791468717,15122433.648505019,5220361.7348284572,15837250.794072939,6139223.1501822146,3981150.9012500853,13611797.591914959,10033647.583438838,177897.21746769344,12834600.600622902,22512505.61582724,6249615.1645505242,42231757.147226155,12313030.205478212,24778419.161124468,1425512.0914476821,1682635.840990623,3694794.4247587542,8258726.1876532016,4890116.3536287127,25800923.849777866,15839416.029762067,3062164.3213074645,218641.7736281729,1615273.5020427876,15783194.129377291,8830177.6346161868,7535057.4017500533,1624986.7428695287,11630929.52163255,9086255.8401472885,34372250.765205838,12683543.858945042,4335769.4549365975,829494.94232061412,9029273.1267822329,3266851.5293732844,1838554.6048975242,21975255.098107696
27053090.924942862,15646049.030451009,7078582.3326447206,21506875.365609974,5441482.4089237899,3997365.5026848442,12254403.922678322,10393027.207894213,310686.83002309396,10996965.115921661,19280717.804724526,5276663.8523485521,37911302.103326082,9998427.6724976599,24367492.28567047,1184473.7352326482,1432659.3619798981,3082739.0738449674,6419494.3376843054,3753285.3703549742,23437874.88986396,13248913.772488018,2758962.646544687,209102.92356331588,1509197.2183967675,15713588.585241551,10501053.5021373,8991997.8661558349,1895796.1315683981,8494278.2848778311,6906660.6790306382,25599965.341695666,9618948.2033595983,3277751.0768844853,617410.81123374519,7373812.6873133583,5189373.6786742304,4430355.270182143,34574556.565475494
51493425.888882555,33328571.137807626,10236083.980829947,22705128.034962341,12494340.707552018,9932383.9928573109,17490005.809268873,25225664.3467912,1228914.5110384147,10790927.401827734,22722488.267505702,13540923.416907072,37274701.31974104,9025650.2982551269,23628247.530454442,1283909.654736375,1645878.4533396175,3111459.0398272569,6548535.0057945754,7177924.8423385127,26376556.248726036,14673264.238932582,3676361.6024999814,332448.24487080099,2856697.4128666366,42231400.430450134,29493037.612662412,19291709.687039506,4666044.5078280112,13321336.155124551,9830119.4814128261,40431467.514520265,21199046.141861677,4497943.5783518413,575312.66146458732,8002357.8866350688,6149992.8381720558,4214395.5676321508,39425255.250771679
48154929.926400743,32356834.776187349,21971748.003013872,43130255.009088062,13106976.368980028,10409268.264750158,21308452.187786143,26037768.731916506,1329107.2506114638,13772487.042593664,45193650.113048442,13548635.419749659,71933207.232318386,18098469.377147082,56005077.669902347,3029213.6365739284,4626109.6207322525,9007872.9316057302,8627794.1697851829,7996539.7427084101,25313984.935264219,13169950.13077021,3501165.4650222766,324367.90673249989,2879569.1703828466,44018986.970295422,30391668.179887272,18178769.540727656,4181016.1085221288,20490696.579889566,17486751.63047215,69623768.046301588,25075107.373040978,6142269.8046809658,912381.75530144689,22609939.734877147,13917247.461955365,10297619.870717017,59032942.200886533
35929421.881519027,24221992.541287974,16560273.773028141,36365253.844626129,9831013.4280787706,7862550.781459773,15881441.474108139,19634879.827703506,1006511.0795805103,10124929.691451961,34045514.265664488,10042440.423356356,72729734.525993615,16692585.841023413,47596819.727723643,2625180.402675401,3862539.3465346042,7280289.475026099,6425405.362515768,6063173.1649705516,18891474.397735607,9658263.6376212873,2635848.7848833147,246233.99352197611,2168473.5318894973,33093641.806179125,22962527.812098473,13689333.048234781,3141631.8383069006,18535643.906303015,15636127.156146979,59707337.537189551,19706938.254750319,4689168.0974795474,685252.41851647024,17296304.348075554,10665924.266873956,7891375.1901845476,46842148.995770037
27799772.166147511,17808781.341641393,13968053.325536039,27451580.485928953,7045098.4925439758,5722380.9852006445,11306235.23497889,14373215.71135994,740554.90408915642,7034294.6447083764,25668899.071441375,7112232.9526776345,57349682.899209768,12804205.728065187,36704380.745211437,1954297.1966992931,2806525.0100612291,5328419.5590993287,4512368.3944849744,4335378.9952558484,13523109.500581158,6801410.5797633724,1878746.1879730145,177846.33001669915,1553714.719314327,24127250.557728834,16834733.801418502,10136124.200447015,2304208.7253245735,13657321.834790831,11686817.977677973,43800899.671766251,14365327.887135593,3343698.8452737057,485218.54044537002,13279837.401727915,8410547.2600939497,5871607.4208901776,34832891.779952154
20789256.851382036,13034344.069620829,10471969.038300782,20240505.979289331,5027058.1324476087,4181139.7548551941,8047210.6782797808,10884496.897727732,541105.58201435476,4735015.2597242137,18534694.578932345,4980419.5767630748,42581279.499206305,9454941.1537574492,27046502.159578737,1426965.5704692549,2010751.3549316933,3862920.7408316145,3084364.9673698246,3047115.0606311075,9632517.8833220396,4726755.5589697836,1342535.7063228982,125727.14713429265,1098360.3971188357,17309295.881671652,12342367.910560917,7455885.2047926756,1677679.9726770604,9882266.5146155171,8513638.4809527677,31825318.287869174,10320909.454452889,2415984.2442288599,376116.14532412973,9780514.7625654265,6263625.5778366989,4344435.9393354002,25827118.414572705
14859830.832361815,9252847.1672688946,7656178.6560812248,15641350.44047956,3418382.0674564056,2942892.4704502611,5414368.7857799549,7825278.1227888428,386982.48099607509,3870643.2916739453,12666032.638423951,3329491.8369153361,33152051.670714486,7241340.25475551,20434783.428923834,1049348.8582711469,1419232.0763973889,2699875.0880652275,2154705.8920889436,2061820.5932613451,6619927.2691721236,3141123.2238922846,925926.50485568179,87319.836764137493,753197.93814939226,12193332.460989745,8778401.2429566626,5336120.8797529275,1204663.2114689322,7092686.2230584137,6252242.5046859859,22859080.301564563,7303162.7186934557,1621669.679135178,251406.27576095224,6750910.0191065101,4657361.6848713038,3330117.9794766456,19554087.35084869
10358076.800689107,6515988.8319421289,5492958.4170981348,11339923.206839813,2264537.5727906204,2064218.9829321168,3816575.241422703,5573761.9611706007,279497.38399099355,3598747.1387350815,8419929.4744648244,2638746.5560452011,23606637.47164166,5168919.6564939488,14528386.449113851,735371.61420773994,974528.49777765258,1818572.6180763843,1891142.3800900271,1460070.7652713165,4400104.5306656659,2746919.1554028871,666872.09295424691,58243.379409081157,500666.15119810688,8549060.0229238868,6273435.887286691,3798661.14218558,861706.97383706411,4981286.8750717947,4434094.9099140568,16187053.960471759,5418434.436217769,1188898.2963270177,201727.86172607148,4552091.9903560868,3346691.625709557,2439643.1387475948,14214857.996116051
10537285.916623218,8921536.8172885515,6415951.0069162278,11833260.028820984,6978919.4369627926,3976488.8983927337,9752249.5712871887,6625725.6780318478,295792.69352894032,3790738.3436801569,11114764.636823004,6186784.5358963497,17551607.246237971,3788553.2208146765,12444412.140453601,565226.7907755354,744148.39640630421,1428183.8602434897,3444389.1704450771,3704915.588709733,15820836.033360964,8131025.1429224741,2265298.1159439576,223131.96490838748,2129514.8871403472,24784565.240434721,7912109.192511702,3952984.5152690564,901978.60632204008,3889741.468335337,3432640.7487666924,13158198.007582258,8786794.3851951417,1820937.6837872497,189426.88871913572,4073723.9357617097,3943634.329092314,3413186.280468253,15113444.263719464
9557178.1443771906,9282662.5119601581,9324549.0804433692,17427521.678567339,9345849.151116332,5276869.400926658,15128684.775163308,9049098.2522327397,478520.87172019342,5494050.7050632397,20228777.283208326,8450674.0323821586,38066919.736025512,7182033.9741522605,19508223.443183597,897050.1843506688,1099496.9064039954,2051000.6539363845,4917850.491768077,3447042.9507717816,17343298.399335083,12267753.809795696,2775077.6906767101,236087.00486302836,2256945.6205585138,25551311.247297809,10526668.471438644,4916666.8649879936,1437806.734611203,4737537.7846830422,5125974.1820410341,17632112.686266463,8741921.7228885908,1995389.3986192516,185385.91736842916,5511917.2407261878,5026297.5019819718,3490527.1839666618,26293828.463167503
6973652.4218592783,7065932.3177165743,6916350.3841188923,13341718.193242591,7387819.6040539127,4235382.6028700918,14347524.552753402,7724523.6224732939,369917.5869027506,4119376.0140052144,16738467.612844624,6323868.41902206,30960422.27905101,5546557.7188556874,14855049.361657623,669547.54343513586,813964.63638894085,1475568.7177139297,3727511.9318119097,2488060.2381670098,15196614.204164926,9481288.6256365757,2138511.2300543142,181356.72894169937,1710586.1790847115,19237600.388151035,8239132.7690643668,4185154.6140986648,1400324.9595685834,3445770.6842947127,3972051.2768749963,15423960.871858662,6559299.481278793,1466694.2837156761,166068.00640397635,3907132.7656930587,3679106.0040719048,2576639.5164250256,19823913.674231797
4808907.3798581539,4961878.2613627547,4949374.6539089801,9562345.2106379047,5509412.514416323,3118864.3681260669,10385017.50464,5632358.2620060742,276771.13989007141,3928870.212943573,11679700.318257578,5063960.0301993126,22070942.346773658,3929584.547469053,10413223.768898401,487443.261684414,619893.16163088824,1263657.1733975825,2559193.04506526,1693245.7187369193,12051870.312310046,7138090.8866528636,1624207.2851060866,135953.66453657785,1271909.444176859,14023459.115730643,6031620.3885670491,2979479.0517892018,1021028.4453844576,2499396.9078248776,2788608.8102967208,10837172.314899364,4736141.0303905951,1175211.9021039808,145405.512241007,3253863.0045168255,2614515.1382440054,1905719.8121725137,14376959.427880967
4232729.1948522748,3335026.1853444958,3455796.1691546859,6726682.2069744822,3835851.8823029534,2183766.6303174063,7208340.8601103099,3933048.462520123,197037.67527840773,3476755.4967313609,7767358.5746006267,3443433.6284735403,15357308.758565662,2685324.9130282584,7020587.869750753,362009.17929964478,547240.09989669919,1118052.0408191285,2059167.2269055366,1376070.2533485894,8522614.5264471918,4948481.6610918455,1148872.1318915139,95919.629038520216,892492.25894926593,9826809.6122406609,4205583.54629998,2043620.6299046038,721135.32610291441,2209845.9674702142,1974272.3896228822,7279314.4978773585,3176469.6007136586,1029989.2092416985,126220.20338780321,2854635.6972915069,1810540.2169484044,1355231.132253842,10194905.283739373
3780985.1815300058,2502934.9380234983,2339154.1209937036,4573833.0301380055,4694357.3090257514,2285944.4358053561,10367779.472719865,3518450.8374420837,171417.33757217205,3063894.5575070367,7344065.1058582729,3169580.5401143203,10357988.674266271,1907607.6510076132,5288506.0747242784,318826.21918303991,479272.18800550239,970229.93124341895,1867300.0744330077,1201272.1205064559,8853114.8897105046,5087582.0761073912,1105922.7147204001,82322.506909635209,768801.36081705918,7610899.416856356,3419319.1754601761,1393597.1709044233,494197.6841011176,1955289.358941006,1744339.5939438834,6449012.1064167693,2807648.1851669643,900728.12271218351,108194.04962153695,2483037.6870806818,1213648.0426732097,945138.81041604897,6988187.9955460234
3463162.8186741006,2781840.2417788128,5493823.9404151384,9829076.7214210276,9071259.6443226971,4196975.7626017015,21705697.834204391,7504250.2554653641,266650.16754383524,14427950.817472337,20257014.047226831,9197683.0442380663,42276225.555234991,7981918.9250739915,15596756.217970192,1077130.9524901537,1269413.5402465034,1921526.5334155345,12557221.539142923,6567545.3183401609,12873659.022707118,12896785.689420713,2306333.5377776213,159189.45278426117,1451290.7083951407,11226168.399436969,5415779.8129035635,1636456.6124844823,416839.02334480797,16103351.420231512,10552183.345517021,32551420.603082068,10371604.524961112,2689305.7654060265,148516.55101243441,4570250.4372827318,3086419.2843320756,1738020.3327260467,13300446.114235479
4465514.0845494457,3483536.6237284346,4355602.2101157848,8781157.3685944248,7339539.9363096161,3519401.5335261743,16862841.560464501,6507696.5805001119,275374.48657258286,18047636.612013098,15735804.570311654,7660326.0282915263,34904493.355551869,6781053.531835922,13165752.821156608,905860.63147068897,1086405.5754376228,1618777.1947143069,10742275.980149567,5788246.0195934223,11227071.843165636,11125411.619313529,2009274.9098290517,140526.45123896733,1265364.4643165828,10103539.875344267,5632696.0461067054,2923381.5517340051,750655.50355485803,12700544.627541382,8540127.2462148722,26745628.707639653,9582122.9845323022,2243069.5027270196,135211.38020570736,3501097.3198949592,2573889.006531476,1435993.7649401193,12714800.925299767
7825967.153870712,4850561.4744857214,5586173.2016096404,10074948.006502619,7699193.7465025149,4133708.3301218026,14002625.912478885,7355080.8978166757,428590.71322274132,19221196.351095833,19759917.015126761,7842506.6527174888,28282156.941800088,5504481.9858242339,15953598.427179085,817914.17891330586,1007332.9406036545,1908589.3417992091,11948255.038378205,6193941.5713816462,12341210.984717255,10122559.313191503,2157444.2445019493,192333.42257031717,1781093.947838245,17854944.349417463,7824192.595702013,2770100.0772869438,568957.56676944497,9926078.9049071688,6924410.5640876964,22618320.426073175,9257572.6373451129,2857466.3005930483,174189.63312199592,7563836.591463971,3627578.6970442692,1981448.8545965699,12403970.736309778
6038341.5707907155,3451489.4723045351,4119903.0833642255,8207457.4892514534,5618663.2525941404,3029282.372705298,10007466.277281435,5344193.53810181,318406.06763302273,14063642.841931909,14842367.043393059,5615937.6090933708,20048049.084863175,3895281.2043104572,12342528.733281787,584164.75517559797,701753.38737303123,1442284.6665738574,9077471.484686587,4660277.3956418643,9226621.2219364587,7285040.1580110816,1591153.5134297055,142650.34261053009,1304998.422035977,13043433.083068462,5710753.0091120536,1979587.5642826108,413801.03692242614,7109172.2995826323,4960301.8051691884,16269171.238431258,6609477.6226935694,2310627.8801143342,177767.88228005305,6153824.0657681646,2866262.0021920274,1815378.555967713,10003344.131620059
7930958.1977595333,3749176.8922000048,4570092.9750781413,6779911.7051602341,4032110.944908903,2220137.6678229347,7507825.2342776516,3848462.7172987056,226519.44741647161,9978775.251837315,11537198.024130803,3836706.959463411,16539484.573512048,3649777.2345785582,10909632.816013081,523786.60972595558,664345.60088382813,1337283.1068100319,6579227.9209649833,3300863.7339438424,6368092.586794192,5022602.5658539739,1104030.7341096248,100512.01498154327,922788.08932737389,9960323.9298411831,4417089.1138890851,1693498.166386907,278397.35053702776,5004824.678727367,3651984.4351049387,11693966.087526724,4614673.0919820732,1613193.9408302072,159230.74916560249,4730147.27616248,2495768.7748104408,1329538.6944052591,7337869.2717047194
6025901.0421837019,2788737.493338896,3294087.0599969556,4743061.0458001848,2763214.6546727498,1541022.3628796698,5214889.8426877903,2660535.1482450189,158800.95655351348,6921922.0531856827,7862941.2166656973,2805079.3505773647,11518731.324065348,2501692.1866471232,7633497.5276948567,372679.01598933176,564133.25281928713,1205188.1962994928,4627142.7901131939,2273811.2424601703,4410873.6753585422,3348377.3219152233,736038.0864907736,69010.940124351968,627697.58356090123,7087668.2082654405,3096606.0516675864,1354195.4733904055,264314.00057715375,3432952.8711497709,2495280.8126828978,7891542.2258347403,3147339.7225950542,1202176.0217273359,139357.93441073579,3455059.7001707098,1757192.251382061,930888.90261157195,5113589.222308008
4584367.6421138151,2400095.8723085043,2255615.5806240481,3163127.6990186083,2074957.533024335,1057555.3989074167,3863152.3895942504,1825048.5014945536,106799.59480228902,4627107.0437221136,6806423.2954661371,2439611.9112507938,8459010.8778302949,1865773.8428296833,5474900.6138278479,329024.46126570407,494954.12532387127,1049936.7719702641,3146837.3981951834,1483913.4160994857,3884851.3611898152,2805156.4717572154,624627.90815455094,54972.500035699071,477366.79549693526,4980056.5882334309,2037021.3479837945,1173031.6313939688,235814.68795336253,2492084.1851293705,1906755.8168124675,6590482.3244791608,2777100.6505244058,1043778.4015400319,119645.80894587196,3020940.1677335072,1178293.9371348994,648288.3952645621,3552701.0146959266
4041136.1045740019,2119596.6633126456,1631577.9164050936,2732881.9925643448,1848214.6934308908,909552.67079342285,3452745.6092021591,1611190.368005191,70940.98959876821,3839401.451502827,5988084.6058197282,2144230.1052635103,7548820.683942968,1670116.0860887007,4824721.2451463342,295110.53816914954,440454.57208628819,925862.63833592238,2164311.694592075,1315362.3753348428,3454113.8724231157,2466796.9173346162,554238.25700760516,49474.627793689018,423311.60840936104,3889043.8169440511,1748074.4789789487,1030807.411191685,206821.33214321992,2518851.511910046,1932109.7087773073,6740235.2168754013,2561759.7125776843,913499.99196415243,102695.24769722269,2647257.3401487395,936418.37911839422,441750.10813231452,3137511.0033603925
3842772.9990208163,1902740.9527035225,2229823.8055175128,8183765.7182861641,2018451.8202824928,982486.37028324953,5365869.0468273787,2096400.0310900575,62187.831273705859,3706001.1935065147,6834163.7652366236,2510796.0861891457,8547808.2633576412,2692902.293681473,8890540.1257156823,335884.96361613472,482731.42035568663,1022077.3802408637,2552520.9180445406,1359333.0388551143,3126197.3065701551,2514975.4453198616,557682.46255514072,48795.701142048783,420139.57827465067,3585051.0635913359,1649663.2638544678,993580.67789416621,183979.98613721167,2258462.935120136,1901444.8957112334,6729133.6329775779,2554985.114502755,940574.35665344598,106139.37480115127,2962425.8483844479,2068235.3506949684,2074969.9527853201,8439013.585307233
3429256.5254288549,1677933.246919289,3965039.8184368704,6733117.4723381521,1841452.7542630332,878962.03168899962,3990672.1111139441,1726042.3385254822,54798.787571984176,3498225.7780786119,6633129.9625269985,2299692.1680692676,7726079.2614995493,1919265.9480233509,7181713.2560236966,303484.41076173278,440742.11966567114,938967.02819429978,2242802.5354238981,1305177.0223504296,2764584.0542852804,2285736.0460453439,505765.86982340587,43427.592875456867,374555.53116779053,3159537.0522937817,1453761.323753336,869359.75816414692,159470.12325616804,1989327.7901332518,1682982.0493183152,6033858.7507106764,2346638.8184108511,865694.36927730893,91762.795453612373,2791409.2170571093,2153954.6799732391,1590848.3713795349,7203363.0900783129
3972204.4757232042,1821123.5144374624,4305176.4402417811,6180839.9684104985,1701856.14027033,854972.09259560972,3681482.8528897907,1771291.0600222314,60628.01670124181,3572092.973659968,6265801.3941860832,2152364.5797967981,7254753.9646904757,1849464.3752769788,6518437.5413048062,293559.04562617082,426588.30064286868,909075.61725977121,2049844.6648580574,1226184.4657434765,2389441.6216961727,2107265.3912047194,458679.99716771115,39257.768523279956,341494.25117291411,3075528.5988182249,1595683.593747529,1271991.4205220805,333774.81676093012,1838649.6905557339,1589494.8235539391,5654289.016123361,2259900.4981137975,817711.97935262998,95273.345355398662,2697749.8450388694,2149529.4161589178,1460636.5611162246,8021643.3603177043
3563870.4981642826,1611748.5579654647,3044496.0200922806,5625603.9025519034,1625293.2327596783,782537.96484913386,3380661.4500483051,1593839.7502303796,53675.588503087121,3271841.6834346089,5795171.7464079419,2180488.0019370895,9451169.3908118997,2617509.9155542301,6852883.8274597367,292678.00396379625,393079.34631173348,825387.59910765407,1858574.414594681,1112732.1366133688,2371843.5909314202,2183123.2391463942,463646.08432194655,38083.777875474676,329037.17932171031,2708343.4107125704,1407364.1963341737,1132162.2045387742,258835.09504865448,1694788.7737395172,1551154.2283748263,5166437.7178521249,2043719.3291386603,727889.67530112446,80972.932574248975,2395918.434983498,1495154.0015115023,1043492.2674294191,5696529.9212017013
3109678.8877759259,1401588.5230840282,2072192.1256307052,3996300.5023786472,1441420.6972466831,693037.08049236611,2979609.1938981288,1468194.0512873989,51070.236661593161,2862462.2541753687,5091769.6695582606,1948571.5465300474,7968330.8104316629,1896929.222941803,5365853.3668982368,261497.2782108406,354427.23096287757,737961.11113055865,1631691.1249607003,973454.25657319382,2096125.8586374538,1946673.4052421355,411570.72871281457,33288.292877330401,287690.04741106078,2378815.5589329707,1278585.7381000214,995186.15247678023,227629.73634128901,1473351.2776080968,1360594.4973579198,4538125.5066687958,1773220.7016293225,626103.41427053371,67429.401380998359,2083006.1001455789,1041517.2348904989,842386.69509325537,3979089.6964003555
2691163.9128777268,1201373.7545732481,1588092.0186012839,2931505.7673788676,1247597.9868944783,602949.37770605891,2591411.5579463555,1288069.7583794126,44807.837803308772,2487800.4408864947,4393523.3528793864,1686466.5380892772,7012877.1938464297,1673923.5225021238,4724446.1195996339,227140.80102312274,305594.79635856126,637050.3957821863,1411087.1565000887,838335.71704111935,1770877.0595898766,1676448.7308227411,353037.08386272716,28597.134500384374,246902.04646100677,2044730.5966166421,1111409.6985992834,867478.46670277789,199152.06422735989,1268573.1584618988,1182100.4562631561,3928687.0157547756,1522526.7846953068,531219.06935340341,54923.531273955268,1789400.1813030364,905219.71776848682,571261.50655600859,3277310.6717670448
3054790.1975578368,1132170.583984033,1395651.3321353055,2559477.2334814481,1057817.8207798791,516765.03385613282,2208505.6342314463,1113555.0810923257,38446.7408493947,2139303.4560394799,3791543.6113181598,1442291.0292280919,6252493.3790629422,1513827.1206792991,4107422.5861039935,201940.18140782008,262433.05212067789,542180.33063007414,1263751.4638508011,737607.32941750309,2405297.6571152736,1566501.6087105998,331637.87910047325,26057.70760949979,218865.37695615657,1737305.7903186642,983256.85787583643,943895.34032872494,218330.81606650341,1308353.8899575716,1202775.2074602095,4007458.4967261646,1320592.5157758957,463111.1904362124,47097.393928084071,1553831.9592675471,794203.02143599547,424017.45834277401,3202773.4547063191
3047083.7558023166,1046357.274961832,1374981.3025274824,6239522.9468622282,1091155.4704328286,489629.10998034157,1952177.3282087527,1044234.4017433168,33179.884409009392,1830887.8642385826,3879846.1941013616,1649869.5611191646,10420521.846241478,2384399.7455708464,5542352.2333519608,275467.99089994631,357059.55632685742,826834.38606379367,1218845.4967158048,706964.44245243992,2559816.6137106507,1553494.4766258078,373859.12115086429,31255.203165829851,255511.81100719373,1665426.2037294863,892657.39339456777,1004434.5841187678,241569.15522597375,1713532.978072833,1450030.5992296387,4219210.9487784142,1186525.3373454327,688305.60893983534,136606.61662091053,2395850.5160671999,915196.63694225636,582137.54081751208,9856072.3216434624
2753648.3404674218,878789.86484636855,1260620.74969657,5520198.1287190411,1062504.6036116509,445509.2556973793,1758364.2731289237,903803.20742531866,28085.053112802823,2770649.828951505,3536071.8686014563,1743840.4158861751,10681397.78965047,2453634.6617312483,5336043.8024070235,312831.05515963171,416204.56580675935,885808.89986517082,1399993.3595449002,898255.78268992144,2985388.1853946014,2670063.4606611049,514582.80756682577,36131.440241691467,288846.21661806799,1426843.9313528081,756221.81394161447,906909.16533383273,220075.38853842529,2612024.7988590896,2004635.8529688378,6403041.6455872729,1752655.5052265516,736176.94447490619,133236.70173398545,2240077.2277259119,856887.21059090341,452558.74614398048,10302632.153212691
2395775.1353827827,726309.36602393095,1102194.9677774236,3830078.3322480968,921447.3058969609,377409.59790500742,1508045.612684736,769265.2289296001,23572.470727900836,2514231.7826983202,3020055.9728199677,1555218.1460025737,8249389.2600668306,1855823.5244823969,4841155.7293766839,278045.57366992522,373614.32426533411,789503.87167786737,1247219.6947385529,797199.96183671977,2680384.744858108,2434295.0784600116,465733.802550147,31966.506382774711,252805.07198426069,1178969.8930737223,631718.78995484905,790022.07653696893,192974.71247678061,2308900.0798623865,1780483.7650784117,5884551.2016092772,1573666.8649374514,646328.24791963794,115832.69284242275,1948150.4930256868,753126.71179029858,397925.21314411546,7335356.4660386341
2024000.2453371366,580521.86923988257,953626.33766032767,2888474.2770028058,773683.49270516227,313558.50314127124,1251971.4593518297,644268.12135027105,19405.573532490002,2185093.7039894802,2520343.8015269018,1329613.7786246464,7273447.4956810977,1636207.9458182463,4240418.2495351732,242135.64270112952,321232.97577699088,677054.59984534688,1070221.7920216022,681945.90397314273,2303556.0788463396,2125898.7506555123,404326.31115874351,27527.115832742787,215670.24382492981,950560.17111228209,516557.75988344068,677990.05786635645,167024.35867351014,2034893.9845848631,1574498.6155133508,5161840.3952151183,1339914.0596269767,551395.61977945757,99106.823402606518,1666284.5144576305,655947.43258315523,349396.65311139304,4985467.9217900978
1699232.633325621,451570.17155021749,817533.35989963997,2514587.545701656,634908.70546803146,255445.99961545976,1023089.6904494687,531182.72681987484,15642.274218144026,1866258.576637492,2066693.864791244,1113565.8342151332,6375208.659962099,1445339.9904142714,3642074.4550929428,211968.3993577745,272601.20246140799,569474.70734817721,908448.97349781578,578410.32784275862,1958543.2023496942,1842567.6409478327,345940.70101445774,23212.962038686579,180662.06702689343,743537.71152098,413150.44051570288,577617.45544008957,143784.80940514361,1783346.5418433971,1379940.3919830138,4498221.6225613812,1127823.6483807918,461692.49693555728,83287.492199117143,1403327.9503351867,566753.51939609216,304688.6567167163,3490151.0670058914
1780335.5369179829,428382.10330795991,988154.83038697054,2552575.3930046894,544741.87760154402,248535.8772283094,996958.13573407312,523422.9537760269,17043.048606724908,1564129.5562360238,2752727.2900417498,920451.84660216677,5875859.7143356092,1312944.02491501,4047191.8257245761,191672.61607043541,231883.5981230312,512954.74771867919,820071.25440501538,483503.58916796191,1627600.2164448861,1557729.4999202015,289866.95153897302,19353.365382638931,149169.03109920115,632388.83345313091,411704.87271391752,560276.06148686691,140957.00791469117,1563569.0937284827,1218941.7147164696,3882331.3585132323,923345.18729084916,409387.69892613759,71532.6517561246,1837112.8557765537,730190.51426602271,319851.79814075475,3499702.3927789656
6015290.6302590063,1565095.1041353231,1438237.6030675573,10708180.514270114,946991.10100946657,700553.06319801277,2164425.897825296,1717031.2708838433,198317.77616156917,1319596.1623031525,4951925.6953983502,1109651.3059772407,7706826.5308130598,1879738.4338209063,11101435.738103844,225453.50243746795,234980.6987855052,566435.90332574083,887004.25736453896,426236.5436976761,2189512.3478618753,1695863.9247429238,321305.92480993492,20862.204038408599,166268.87286098793,1640594.35741062,1907561.4878418006,1985296.4524984104,569512.02053330559,1416683.7372640811,1217168.799852476,3581372.9306013444,777874.72887609876,432900.70060272852,74907.001789567425,3041382.0676080096,2645182.6656725509,2664169.167717563,13335746.942555575
11235463.087626681,2340023.4041141304,7776666.7294761669,13646149.562292414,2535017.7466991297,2277075.3977966369,7357076.6120501263,6404392.2179223094,395033.49410558678,2083020.4820299277,12548559.810029306,3136542.2863411964,8263254.7060407,2204722.9552379311,16310800.862719527,286073.25229394372,358529.61350017285,880784.74839938106,1735015.7255355746,663409.53883283667,15169612.007473381,8220291.2684736568,1798946.9920442358,109679.91993542328,669226.69504223694,3351159.9770199833,5678520.812137858,2990689.5767053724,584631.50967760757,1308298.0568838471,1256529.9079596077,3851859.9200568493,890498.7612284366,637653.45891306805,101482.15816053457,6129819.3491874579,5126240.3229149729,2818317.7904392607,19054897.167111535
13741353.682269568,8895616.7510391138,12449803.130210122,17072226.667057846,6141595.619033562,3499047.8482605633,11031328.611090237,6918485.43040522,302273.88612659351,2935864.7826610259,21604030.366378378,8774691.9727996886,18525384.708189797,3268664.427401782,18322716.857062709,313049.27422163315,363801.80150836403,890951.13813828875,3719399.8115473934,1054891.4719503867,23035737.789097898,16899933.439136382,3372887.3717435412,227337.67847110622,1799669.4252430447,12223568.340974456,7879345.6871985262,5277337.2186598219,1618385.7536194387,1357269.413699144,1422481.6161402138,3964104.0887871236,1332794.2905314234,813166.59018193418,99817.835521371817,6551269.3451837441,7051918.3487203754,3302082.2688760473,26316597.387124162
11377462.797035107,7727064.68993071,9248195.4374521747,12734802.754963046,4504041.918192259,2609937.560645157,8014470.7748037055,5024476.3005138999,217825.83074685297,2666817.5868688496,15806965.670422859,6470897.1747772908,13212302.240672847,2338090.0628769053,13611980.94233517,281318.8388495259,322036.63518290571,793342.07066911168,2620012.7052108082,952204.2409798567,17473361.000453644,12643382.608411158,2530024.1873550806,172290.49057634606,1357139.6121989924,10416930.796609864,6136537.6843975959,4215646.7226463547,1365036.9883671997,1172979.7711800828,1252513.8850294636,3548364.5792537429,1168971.5051405027,721836.70461972652,84900.252309878124,4545705.1565388162,5211615.3316215537,2445747.999839358,19590191.687018998
8992958.7795979008,6521435.9125343533,7175735.4536593938,9478460.7334560994,4027229.1872093962,2250827.5353021757,7279683.8109417437,3921136.8927655057,157039.45206001168,2775169.2948160665,14214374.710143341,5216207.1043293588,8853332.1449327338,1849666.8521323309,9802636.1833615452,251580.53974421322,280492.34889655653,699200.05287988996,3159434.7048469875,953004.51803381357,15567244.709062254,10732388.882691542,2104545.3336535566,140065.41892023792,1137779.8201330688,9227445.795391364,4854369.2556977924,3231788.1640182324,1054582.5984529043,994880.1168782087,1097723.0134755531,3099308.8140585315,1062412.1147671551,703839.72194393701,76224.812353149668,3493280.6754000643,3993132.6704037213,1849316.9396511745,15819852.25311364
6821744.2193328729,5980588.3276147004,12890550.947640905,14474234.485585004,5787599.7950047273,3388648.3087663255,11890313.053920086,6208717.4770291345,340924.02484591113,2776546.7087168451,26879935.207110748,6362998.951128968,8403917.4613358378,1783795.380885382,13893001.90744718,232068.17320639422,244460.36997576791,694128.17696269578,3828232.5279074539,895036.51195169124,14135140.538390942,11878799.799922893,2161568.7574851131,137142.93267008776,1153377.6541795863,10204660.474003803,6975693.9224605709,2652895.4994755248,771239.07063651294,830453.01885242923,957152.40094568965,2672280.9270792445,911604.85330521432,749965.74852635525,80114.822061309183,5950741.0513015362,6437112.0565962354,3404576.6772688925,20267552.935704786
8762972.4778857194,5545678.8924721479,9612786.0319910962,10854054.802018257,6038715.7875794042,2986394.4004230341,9560458.9191696662,5350248.3333655717,249698.29804451382,2449715.9308899269,20690737.22289414,8672802.6714176051,7451121.4661093019,1570909.8944136521,10253934.760579545,200677.79635347531,203646.91579466651,600374.42181654624,2722985.6254003956,774120.14370812557,10943793.052994752,9565545.6042558346,1909144.4198949405,130985.35060064208,1118639.6650625088,8527484.6931453366,5600096.0029697483,2290937.6717895591,551172.58602421789,682666.79460177291,812832.10553035594,2217952.0787342391,727547.28958115517,652666.55901567428,66677.439762122827,4337912.6625502789,4764744.201832396,2502956.70266086,14869617.08310383
8005698.1692678276,6155961.8611796554,7085857.9154424444,7900045.3813810982,4496692.7513191588,2400486.2655071625,7095410.208959627,4839409.2854842665,191821.85773790325,2229271.9120096229,14975529.250030277,6504819.3888227465,6788546.1483838409,1471650.8941548546,7506473.343376643,181763.71150543561,181604.67208483611,530230.01703235821,2116665.6191704357,719722.58984023344,8016900.4241036307,7713101.5767180556,1496503.9154221897,100783.31406266413,863010.5362806581,7725113.2819199339,5147972.458867725,2653806.2979843765,718736.0738688577,610896.43415345089,762422.22648841108,2407525.2117801788,765919.39516879094,583541.72133970051,56541.725840381841,3363594.9764972269,3461126.4657692318,1810109.8313423127,10717089.04910462
5507244.2166614346,4381921.9300763551,5084690.8128619129,5535922.4460914433,3138684.4782979321,1690119.201224542,4866153.6715788841,3406409.7558302004,135496.98346424531,1947124.7464461373,10337912.420345617,4533049.7950992743,5975494.2020513136,1287889.5402853827,5493909.511046608,156800.32607498483,151197.58106166043,450727.83120194887,1907205.1818757798,621532.0630022824,5473786.1347243953,5468779.0534920618,1051414.1981923182,69626.515028126829,592298.03670699033,5299701.359684621,3635806.2651555617,1820667.453123667,502434.24564674497,481504.20428595919,637538.84170411632,2071373.3632497876,624663.71486849699,500404.43210347742,45215.772922899094,2986157.9699986125,2453404.0719045522,1292232.2606618218,7548203.6829618337
4433560.456600165,2911667.6150469957,3539073.536802982,3675017.8658749461,2146312.6009755908,1113400.6841318456,3706608.5117760622,2271127.9021380995,90501.669502514676,1642728.0635854232,7321760.725593213,3002994.9341823338,5183176.9290963542,1115527.1525011496,4756043.3466071384,131055.8605303701,118673.84351787073,366163.5848884905,1651040.2574100264,520817.83989052894,4157212.7297994313,3656740.314851576,698855.43682228343,54157.557994305906,465288.16602795926,3949851.8012797283,2417312.336158928,1277156.9861821723,337664.12612878758,361978.24715961731,520746.60100935312,1670954.0628381919,475810.17277953378,415558.32766770705,34725.900256708024,2597234.5912592011,1688525.5948298927,897460.54715299059,5112150.1572178751
3860469.9429245088,2396769.2022393662,2422490.5615491695,2813042.2963573225,1862981.8816492038,919787.06127034116,3235918.1539181415,1740867.8193309044,66067.308863669896,1367136.6226824478,6443646.0929806679,2564018.715904858,4455470.0623472119,957788.30342755851,4143557.5110264816,107590.91295159508,89349.534748303267,292747.56164857873,1434357.2163671828,429719.44085155067,3646560.1115334686,2881407.2925535743,611287.09071675513,47505.399355757698,407792.2912069303,3478192.4740813258,1830299.5566619693,1124888.0725350955,258253.17536237792,253074.07525964384,414149.28301222192,1300738.5746850839,338875.1459244432,341433.32797151408,25328.741996062745,2261057.1736736037,1130091.0655963593,611120.33426473301,3522629.4529218548
3353699.4392779656,2085857.8202708561,1666557.3341960129,2465292.849149697,1632828.4970275962,808893.5600309025,2816431.1241350719,1529662.2951052219,58179.337731859996,1103429.9580289945,5648109.1307450999,2238793.723990595,3787650.6396834678,813002.87258294655,3592575.0927375793,86192.812891745838,63213.026977104542,226528.78843878649,1236350.2403110177,346494.84023409686,3170420.0466223592,2510006.9740182683,533219.92575810361,41661.154448100373,356842.21329539665,3046605.4085150389,1606022.8714799129,983799.79493698548,226737.71721720573,154239.7029644071,316899.90151906101,956005.14080152719,214535.53192412842,274187.9897429297,16865.935171253608,1954968.0231125336,924722.44915418606,433478.49055075052,3110436.8156670518
2918402.5922121056,1827943.7812644031,1471941.2539001701,2155203.2051320821,1428936.8753659737,708887.3563047701,2455733.5915055126,1340786.1350617583,51027.601200620447,878234.16992534732,4958110.0904035456,1960165.894822916,3176840.4990018411,681053.72576024872,3111120.3756890167,66836.506199588694,40234.785115488783,168711.81724899163,1065266.0191575931,272552.52191296418,2765417.2299112058,2200860.7150605004,466740.50511551084,36370.036762293028,311190.05365716107,2656861.8336618398,1406098.3830234439,857727.73421759228,198554.75038541536,64862.242044283761,228813.10370415752,658268.5877664102,105765.47157775379,214074.42420312442,9274.9244007064081,1680866.7217191758,813992.44359122531,382355.53114683251,2733652.3252482107
2528875.8682507644,1598203.2656743724,1293039.8575604006,1874150.6543897942,1240673.9861612509,617177.83737640234,2118789.384923703,1167126.1702257937,44489.116689239345,677061.16411551158,4306060.9797935523,1699200.4248313699,2618854.6479346319,560899.44177119748,2673199.7215873827,49812.864302284972,20097.81018725588,117242.99203891143,913281.00190781336,205935.9232652052,2383614.336585613,1911480.1549980638,404927.62777377636,31508.225861382929,269207.49601999641,2300414.1195033458,1223948.7770041393,744201.58580564347,172768.6219725952,0.0074297221543319939,149192.76506870755,395636.96301356971,16103.52844434162,160977.98960075574,2495.1836012984591,1435304.9611946079,712449.81514599011,335503.21658330434,2388072.5590644046
3549323.204578334,1845993.8996327862,1261659.42069217,1661452.1613111354,1069572.9557740751,539828.29405268026,1825628.1423264255,1112967.0814018231,39194.630241294653,495609.1747039787,3819951.3548389152,1463754.65736589,2446362.0516926865,520085.28502608195,2454883.9041606882,55300.71150488322,38875.010275303473,143050.2520144934,779616.82848737831,148330.80181310797,2041247.6823741433,1648554.155646503,349119.32193673647,27399.348899184908,232696.12794627176,2018286.8294272861,1278727.5727339715,1396905.9091537045,943742.37992922729,94839.722276138084,189902.9651135224,443972.87006802671,0.0035927750642583156,126486.26183148594,111.13529701710306,1292205.0588565564,657013.32179008145,297031.3714767893,2078543.156000599
3166213.992666041,1654334.8423091315,1240013.5284655027,1668501.8136936692,936534.70683490485,481551.80116060365,1705817.8238850832,1036277.6756960239,34202.506641435109,335290.17803250509,3670728.7434246377,1261190.5107163941,2288255.7660950376,523124.81797804491,2461158.0137655986,46514.287858102667,22295.960811399786,110048.0875334841,678983.14643420256,118375.79731948546,1737321.7420875316,1418055.0609607247,300515.96012008225,23609.700850325007,199836.92994234926,1740277.0435100195,1152835.7662609562,1292378.8404546678,712268.75669326377,13915.374265709479,128339.3649217084,231420.28103892077,0.0074792559530450055,100598.06309365043,0.00035838241097623403,1248074.368353399,664854.20640204789,313020.82783608773,2124501.2024914599
2775128.9085448179,1457801.621514631,1492046.2046010068,1766117.4148101651,796408.25349970022,412316.86615371815,1508872.7305991962,905094.71085466072,29125.962193168707,196286.30912954139,3506733.9960623211,1075450.7832504122,2247494.0620693462,497788.9262847284,2541064.1443535667,52636.705278629081,39890.638299113343,140777.07627598234,565752.19420099154,73329.956963550649,1472142.0380806036,1201281.6434398068,257979.15605583653,20944.600286818149,175397.0869293873,1543619.8414586037,1004674.2563789022,1151618.0086215271,498172.85485861235,0.0071844725680084943,115706.74392057375,142536.06583478706,0.002862826906116465,76134.106304617453,0.00051513854247662997,1251988.9316420548,746922.1313682202,359545.49896895007,2123190.4903191123
2531707.0090531157,1732397.8882818739,1337638.2812486915,1805793.3782980044,700971.49344583077,389731.98781125492,1347827.1882575487,808077.76974950498,24565.492189764929,262274.72085195308,3596043.8718745625,908178.04985204397,2410870.0540726907,495832.7367045859,2433086.4331691442,65830.407720404794,68715.110985943451,197109.80092707239,614314.79202648439,207153.05117537931,1214908.7995917823,1006245.4758944956,215306.35628064431,17425.805593861649,148017.77351280145,1665300.1068501878,1021024.2081608059,1032645.6462301351,335601.84937840793,39325.578890773519,154990.02601160406,457591.51736425504,438321.10752584564,147586.81022285752,8632.7146412638249,1248385.9731536938,696515.41989642149,354382.7103467487,2538843.8170393808
3192306.3227997008,2249478.9668015433,1181501.0577011812,1675742.3631051108,602050.69672639028,356078.81182277855,1118374.5832563972,704056.74175882782,20399.059287668562,129298.54748700236,3068668.5123992064,751819.20302037022,3148154.188195758,560543.12309698435,2237358.9461918836,64975.6278405142,55311.413600238702,150519.89814936672,498754.61605010059,150205.88678869305,977880.412879957,824600.56423444324,175557.96486719805,14189.353236626845,123989.71135492461,1809657.6204354509,1089615.3909289851,1026166.8977431944,272191.62934335659,59748.33547271615,206646.49267033904,449055.11458901101,345330.66985241964,100929.85705124159,2074.0130380628634,1035887.2364958299,622557.10101068451,336113.01190062251,2435581.7728205598
2887142.0727620167,2019340.6097259568,1027827.1162790536,1460734.8910820258,486463.36076793913,294932.60231241817,902777.35910027381,586193.18953860132,16548.432340264979,1102.9979410047893,2572873.0813341788,601445.63980599365,2716702.9593367977,461867.64898593159,1896498.8039834206,49075.584423090731,33730.219161421897,100075.68370384238,390792.0769273683,94756.474383745313,761387.38916463521,660420.21253717411,139640.96430563682,11237.139572909569,98373.303026136389,1528017.5046505823,936187.86312212131,899267.29190323164,240371.28217075171,551.26575536672749,138794.49356080056,258271.03371008206,234526.93121633184,57257.459309436264,0.00024835978731778467,839715.4162375431,537634.91380207916,293362.05894413352,2119652.4748812625
2501181.5449953331,1767510.6272468746,885003.29555245442,1230037.070214927,380939.3727197405,239113.54283621439,708446.53235303657,479251.15745836648,13070.729703983121,0.00015301164301160868,2118837.641920113,464918.78468558314,2212812.1995384297,362421.07464821567,1550897.6437046058,33717.127176580107,14102.181548913593,54369.390173294742,292337.35352569772,44742.446159191299,566885.57414400892,511641.53110543237,107125.43274247537,8558.1625034928147,75083.34146650786,1269066.3620897837,793916.16641593655,780287.56498503417,211040.79742579805,0.00040624391810131809,68263.76263095162,53977.51583117331,124078.10400379993,18117.972510496184,1.6222200228554947e-25,660844.75167065312,459211.4043167645,253732.83064524489,1823323.8512621906
2134917.1490534893,1528456.8676068909,755870.73107430234,1024237.6877277634,284240.10590669967,188212.27432026004,529906.44726801361,382070.94056767499,9924.8312095281271,0.001079295946671871,1701039.6401188285,340023.5490756277,1751200.0646888821,272041.16481113143,1243821.2065286639,19924.996036851011,0.0016540523543209882,13990.365546865987,204041.17416444232,181.71743031493497,389941.91445355624,376436.91861967929,77624.7912763981,6128.6696046678562,53940.393345478704,1032629.0424340067,663932.30966319726,671354.22433828528,184164.0620280451,1.3709991737894494e-23,4252.8535299472242,0.0064266307635246463,24964.037112200382,0.0021587322437707857,5.4772693929043488e-40,499454.48083557445,388045.38492340158,217721.79610699325,1552294.2560729978
1789361.9453815541,1304362.1135843564,638504.7409489234,844118.79264177394,197361.20350159978,142293.84360409173,370805.97796602687,294963.17620161548,7098.7485881735392,5.3046076155569339e-05,1330396.8066443962,227711.62160028162,1320116.6689146738,188993.79240493086,969970.28263655468,7673.9781570999212,1.3290434288162725e-24,0.0016670860460573289,129258.77404983876,5.0778231716570879e-05,229294.10471584636,253546.38458444111,50874.92298807163,3933.6083862655978,34871.420891261572,827859.5510638901,548821.47388565622,571494.25242673408,159476.75555928788,2.4512287650065841e-05,0.00049308819950917343,0.0012346557022416872,0.0033135791729340049,5.880183983507912e-05,1.4914899183109387e-42,354768.2266233188,323488.52650529437,184968.87342163629,1307343.5491141537
1515555.0649443525,1114553.3791198463,531312.74047384085,680293.50966083608,125577.19044968953,105870.59702443246,235745.97314922459,226430.51777785341,4599.4391472319239,8.4782308570407374e-05,995382.00007190846,130579.32956751069,968427.09478967381,117068.25829503819,724472.76752017171,0.00090390473066131799,4.227485187968783e-39,1.4087727483308292e-24,57931.454915470109,3.9675366152408757e-26,108254.14790340763,149506.44292536582,31421.58131510541,2407.9388916791836,20835.6795134854,650363.61839868536,447503.87940812879,487523.01700498961,137785.7023547485,8.5415345552334996e-25,1.3217719016187945e-23,1.148135609609642e-06,6.7489257576453619e-05,4.5375484731677405e-26,4.5647496876055485e-45,224905.48859294166,264737.11752976518,155151.63136416514,1084881.5596810698
1374435.2320485613,977377.80076073506,434068.76524369814,532432.56327221531,54559.565238636664,68757.649126579432,106685.64522945583,156908.4686364079,2343.7342443051984,8.9493229611633495e-26,689988.18956041755,39578.465014179375,637023.54513788538,60828.040237971079,517181.7780475567,0.00028207186176468728,9.1204376997664724e-05,0.00016615860689092403,0.0068712398982560584,0.00026041109218493465,0.012820886169077009,49976.903521804896,9446.173805612194,590.77447656117522,5172.9718597445808,475610.64615413971,355490.11629881291,411140.1523372315,117270.77696121561,7.4513728621564401e-38,0.00047843220304863258,0.0011057652310390192,0.00014958062470393901,2.3957795384927115e-06,1.0417185985783591e-47,108785.57477745861,211525.16730880158,128095.96737856659,883110.79301299772
1116807.3059903949,817160.561238967,345512.91846394708,396592.39190420927,0.0064673029983391668,34802.919838531838,0.012595194033599164,92287.716520278307,324.70747055524993,1.0560348101773269e-38,414340.21132526256,0.0047039148401896661,329356.93553097226,1103.6340458129064,316337.4885641702,4.8947251400761151e-25,9.1282940441492849e-26,9.5409989897597879e-26,3.7286243907607495e-24,1.5994402894195183e-25,7.4123636188227595e-05,0.0059313254213921515,0.00112449146793031,7.1835934674567201e-05,0.00061786775754551495,316303.50631712406,268338.46866301185,335903.04399262572,98590.036874694619,7.5748703341270528e-41,1.4450824208864417e-23,2.1800719925035246e-24,1.670959090046573e-25,1.3788288768236625e-27,2.3813055436191144e-50,5624.3613295466594,163316.20924380139,103536.05544043107,699779.64746024366
886630.81652070372,673519.56669325137,265443.78096762404,274623.67607155844,3.4220207082941869e-24,4535.428355428201,6.2863034075723936e-24,34782.767249113815,3.8946005271244375e-05,7.6496187319786786e-42,168015.44595891814,2.5021815631647803e-24,58278.017148128725,0.00012975374474830028,136803.61858378956,1.5104999581150422e-39,1.2442025152708427e-39,1.6238558485407141e-39,6.7557584886845061e-39,1.3807172885294118e-39,4.6776906148744128e-26,3.0681723211069832e-24,5.6406099568912178e-25,5.8857436071771988e-26,3.3869641438181007e-25,173760.79891729591,190054.78696516427,268975.09725750593,81596.758130970818,7.4083944415897614e-44,6.7467135292346181e-38,2.0482909966385471e-38,6.7279457757058652e-39,1.1405862751575946e-39,6.2656402042529213e-53,0.00067642913894223064,119910.23877713839,81345.435930765219,534048.30927156284
677166.05684138089,536923.66255842231,193535.79400749438,165690.98698116979,9.7324452554581112e-39,0.00054495849401669757,1.255780776466956e-05,0.0041317648226501438,3.0553812930559372e-26,1.1389475759776175e-44,0.020055266867818347,4.3582331340760806e-39,0.0068992689754981129,8.721121929878941e-25,0.016186731648649869,1.2145705491801252e-42,1.3675987762625706e-42,2.5184963671204555e-42,0.00016343209945278482,3.2326344252962544e-42,6.60161950368365e-39,5.2127004454538887e-39,1.0642692806720875e-39,2.820801826766171e-40,1.0242111866300456e-39,46719.138647515516,120167.1288443736,208364.52223742922,66227.043736734864,7.5647338717535209e-47,6.3404082674646704e-41,2.2649287538318604e-41,7.5350091925282082e-42,2.7480372970961435e-42,1.8006433917168823e-55,5.5811996947728986e-25,81013.346700786307,61373.354146194411,385019.53210614173
504099.42974229041,412970.21997947025,129866.84272545874,68396.029849835992,9.0298363337227718e-05,0.00011667829826195323,0.00012401278296252251,3.5967601364426941e-05,1.376196097928691e-40,4.4804942571015223e-05,0.000778136385345146,9.5881272268241368e-42,1.6359070748531346e-23,1.6089472161343758e-38,0.00052154314861098264,1.0104400360875557e-45,1.7997111276366687e-45,4.2859897162869756e-05,1.0919824348248518e-25,7.3828509567419025e-45,1.1939918380341592e-41,9.7192194607222062e-42,2.4354476810385711e-42,9.4219548917679253e-43,2.794983653138792e-42,0.0055972036898873775,58038.967110574064,154656.29555921711,53812.984588687112,7.7150845553713448e-50,5.9528993383177634e-44,2.8633252775168057e-44,8.652678910071805e-45,7.051128383352577e-45,5.3972723917468432e-58,6.4664243921872083e-05,46241.693615946009,43443.603540662611,251688.57418126054
327575.66343607736,300702.46002030157,71821.621581259431,0.0081103609996176045,6.5090601236377732e-26,1.054686963950333e-25,8.6565006641828613e-26,6.4679933596380266e-05,3.6927207296448503e-43,4.7647606057553275e-26,5.0223660162579783e-25,1.4654686777974197e-44,8.6409815300095936e-38,1.7937191060832898e-41,4.3550326814456766e-25,1.2771826501274959e-48,3.2896601508303956e-48,3.1355858981200483e-26,2.7906145955561798e-39,2.0113103733407767e-47,6.2505136312011604e-05,1.3522380595300758e-44,9.4833893096409233e-07,9.3577258263997497e-07,5.8785095922796593e-45,4.4601332233440096e-24,3089.1392392079179,105151.77784069614,41278.12175241224,8.929910232530628e-53,6.7907020691377894e-47,5.276673060606145e-47,2.1437259096092229e-05,1.7399009747391588e-47,1.5700742227535782e-60,5.2034360451293953e-26,15262.513092284084,27394.211139045528,132535.08095351429
478935.31427626533,292397.95369218325,20103.38186290591,0.00010761524875534394,0.00012475101393721411,0.00027935990643770866,0.00045362724555998149,0.00014893165199817815,8.9949405015260706e-46,8.8163494897006912e-39,0.00038323735921939487,0.00010603771230067889,0.0015562351965963111,1.523518807792256e-44,7.4779800351161821e-39,9.9213610668458734e-52,3.4041156695470006e-51,1.7770173465580611e-39,4.0980581349397664e-42,4.4603907215654698e-05,0.00036120944347378632,0.0002991692823918624,0.00014376070941176375,2.3111710979168896e-05,9.4592638763308135e-05,0.00014475509353050741,0.001008190110635422,70498.145248619534,29863.484105372158,9.1827420937005585e-56,6.5771757457578944e-50,6.9169859266093627e-50,9.973405798682139e-05,3.5516349694507037e-50,4.1742735985517938e-63,3.2853557461724985e-39,0.0018178911058350899,13097.999444968937,25825.385579865721
753040.02523200004,305896.44781758182,0.0023985993630143191,0.00034743782200684072,7.6311161599355811e-26,2.324054358146146e-25,2.5085262448204867e-25,1.4952528553064164e-05,2.0557986740770783e-48,9.586155415089769e-42,2.0277309240197028e-25,6.0866845890985452e-26,0.00095132502066481214,1.2527028427340458e-47,3.7660936026260124e-05,7.6449658464071981e-55,3.3907209098072163e-54,2.3377554963184023e-42,5.9245284366698575e-45,2.6788021358307845e-26,2.1338118905119625e-05,1.6518574713145579e-25,2.8050919359526975e-05,2.1689393672191479e-26,6.0555173851876865e-26,0.00075806881268934505,0.0019720342738689146,94482.0907802047,36884.467271542708,9.4150297720222141e-59,6.197793277642892e-53,7.3256089064189013e-53,7.8898068992050372e-26,7.1083445360063442e-53,1.0955777539919725e-65,7.4108919683920679e-42,1.3621482866242013e-24,443.35857444800359,0.003094783945871316
551712.15968729404,204989.87515459533,1.6317581642492626e-24,0.00011079527459176263,1.9963942837038289e-39,1.0767565503761597e-39,4.1732438003398781e-39,1.2697202974329204e-26,5.4804638303642985e-51,1.103946728560266e-44,0.00026844280549474759,3.1809806210203074e-39,2.3025049160484642e-24,1.0788778693535463e-50,5.0832239254303666e-06,6.8959275300742954e-58,4.2906442272213781e-57,4.0284306573287231e-45,0.00033651703291562188,1.408143487616352e-39,0.00086150315377685519,3.727401277314247e-39,5.1244844394862489e-05,9.6477877331190234e-07,4.4639692370683955e-40,0.00012039983859138294,4.4590544894846615e-05,51250.166360988784,25971.584794433256,9.6072809677969229e-62,5.9316032568692174e-56,9.8232141375962953e-56,6.9595237372155092e-39,5.4148899665411672e-05,3.230580777602164e-68,4.9473693675055445e-05,6.1863344344997428e-39,5.3417374447596675e-05,1.1432410149039818e-05
367077.51997288683,113460.27140850651,1.1198362736715311e-05,7.5485168911680202e-05,5.0478184907546727e-42,3.2697982454266493e-42,8.1457595018683366e-42,1.6310440961714692e-39,1.5821373537362694e-53,1.3353569862631174e-47,1.7501570401345629e-25,6.1484940274647219e-42,1.5292065747002849e-05,8.8563572975805756e-54,3.1658712041693747e-27,5.8538652128299164e-61,4.9539851973825635e-60,6.4726921724194472e-48,1.9919124276765288e-25,0.00049997910761137012,4.5773476229207907e-05,5.9401314043463942e-42,1.4780712702075562e-05,9.0069769320551173e-28,1.1566480204610202e-42,1.0472168228529571e-25,4.1602814434703336e-26,13127.616417970965,16172.075621787017,9.7776710791142034e-65,5.3417128300056099e-59,1.1424270960443951e-58,0.00043312912822186263,6.4652909617496321e-06,9.1068882721497059e-71,4.1355862965841746e-26,6.8029566309951523e-06,0.0013216505545914736,0.0001237776718337072
201837.6537561031,31588.109080185197,3.4625489355741634e-06,4.5202323304188285e-26,1.1537440608836314e-44,9.5505382612639878e-45,1.5325765243553029e-44,4.7030596197399036e-42,4.6543386977751712e-56,2.3481456257682336e-50,7.2511552331120269e-39,1.0541309448398929e-44,3.0708413083987562e-26,8.9086074856012391e-57,5.9903085149788773e-39,6.59992651342407e-64,8.1999873613521447e-63,1.3013405812908733e-50,2.2647950449840322e-39,3.7606384548792128e-25,2.7427715199702101e-26,9.9510135921663836e-45,9.0830990155885452e-27,4.9333989925061777e-41,2.8331561573415285e-45,3.6226392450629481e-39,1.7630131044072299e-39,0.0015687061879220046,7461.0217687142494,1.0669740148929492e-67,5.7301302097921655e-62,1.8531808449503124e-61,3.4576126467489547e-25,4.8739953155008811e-27,2.7242832236031402e-73,3.1449793905493803e-39,6.2230918716400542e-27,1.3867170274481018e-24,1.0946395883236392e-25
57269.36370130146,0.0037815159675995769,2.7873682219206511e-27,4.4160202102068025e-39,2.548665610256142e-47,2.7857399496596804e-47,2.943813996758969e-47,1.3561429057629912e-44,1.3214046064791636e-58,3.5450964210987641e-53,1.7379555805765587e-41,1.6954287871749832e-47,4.0982949939077581e-38,8.2088507516820576e-60,1.4607699308554975e-41,6.8207614203488597e-67,1.2786000089530806e-65,2.7486334126683455e-53,4.8199112068509046e-42,1.5129615538237263e-39,5.3097840937787826e-05,1.5323947202905458e-47,7.5343751145434711e-40,1.4955524547677123e-43,6.9397220974087885e-48,1.022838584935331e-41,4.8271785993291955e-42,1.3131355874481347e-24,0.00087988575484060924,9.5938031023170107e-71,5.112707077407065e-65,0.00017571167310108125,7.6617008079674402e-39,1.2519225614431737e-39,8.403383257877403e-76,9.2220892944499067e-42,8.9536133500636034e-40,7.3524458033078159e-39,3.1903557179200036e-39
0.0068325635954857161,2.2255931471488635e-24,1.7733827473998745e-06,4.5663500196678995e-42,5.1384029981615636e-50,7.6341109419677345e-50,4.4312065316725635e-50,3.5964954397369759e-47,3.3052228076470839e-61,4.1315901072083616e-56,2.9381876088372549e-44,2.3866605677626548e-50,3.0544509534225029e-41,5.6822272201652801e-63,1.7434030459650829e-44,4.7966406642473013e-70,1.1187769207158841e-68,3.0417893454128417e-56,7.1100236883622696e-45,2.6537919951775725e-42,2.637478853508938e-26,2.063717421712254e-50,1.1956812241775772e-42,4.3109279695299988e-46,1.5831974534797841e-50,2.7533152960399644e-44,1.2200010188213442e-44,5.9560357624731104e-39,7.8341663252472743e-25,2.9488859656365454e-05,3.7969195709430875e-68,0.00097637550965624801,5.8710553285714659e-42,2.2341784712594591e-42,1.9995333589743044e-78,2.1161268290095641e-44,2.3070179009728168e-42,1.8958658711287938e-41,8.0840640164651058e-42
3.8104265553875193e-24,7.1644736064479131e-39,1.4431723769108329e-27,7.2331653945350133e-45,1.2166388388927784e-52,2.2083566977938385e-52,9.3179670575497338e-53,1.0070416064877071e-49,9.1464771984811165e-64,5.4615427703014911e-59,6.6322060030246459e-47,4.256453411345738e-53,3.5530908927772103e-44,5.6473385871421564e-66,3.2711917655737836e-47,5.2694166916167338e-73,1.7862905926061936e-71,5.1607704919862511e-59,1.3998914862168125e-47,5.8217037021914327e-45,4.4741484076509219e-39,3.7722594246204369e-53,2.3789809014234139e-45,1.2950893884848024e-48,3.8968080934880971e-53,7.6435463875789001e-47,3.2759031309269832e-47,1.5751182287488149e-41,3.7102533895354403e-39,2.1392167340453541e-25,6.7580528370757371e-05,8.8753279236721629e-25,2.1926459553988904e-05,5.1470796980361761e-45,5.5428373989985783e-81,5.5973894166645427e-47,6.6297352862600103e-45,5.6011934635769062e-44,2.2289727296611735e-44
1.4131883062603442e-38,1.9190069406638818e-41,2.7560079358797746e-06,1.8791812150015933e-05,3.2099959777063054e-55,6.7878714359224865e-55,2.165198128536838e-55,3.0392467470843524e-52,2.7656428974604248e-66,1.7244373417811226e-06,1.7205791564519366e-49,9.5303843287512222e-56,3.4491029435754724e-47,5.0348968522665104e-69,7.3372321726908315e-50,5.5178467782825916e-76,2.6729766603707108e-74,1.0317965255793932e-61,3.2776512049263051e-50,1.4859482766739761e-47,9.068408936274242e-42,7.8832518516356281e-56,5.4746704078693127e-48,4.012850990676981e-51,1.0513507052095962e-55,2.2536254341390055e-49,9.9829789329716537e-50,4.8318277543293145e-44,1.0734408718622566e-41,2.361017108101539e-38,2.9036092058897508e-25,1.0609369949924798e-38,1.4238557024670965e-26,1.3364510547560484e-47,1.6561808864561132e-83,1.6218154148232467e-49,1.6726145340455613e-06,0.00032707314574458919,3.0075798991667472e-06
7.6861796262871158e-05,5.1495556086230869e-44,2.4683807060466638e-27,2.1646435134700535e-05,8.6703484084320861e-58,2.0955147963655697e-57,5.2584767554291199e-58,9.1390703373660977e-55,8.2505291911816312e-69,1.0271961585161982e-27,4.5606716357867935e-52,2.2243071901928083e-58,5.0148392743152797e-50,5.7456550061698712e-72,1.7314249252695459e-52,7.3849460895271319e-79,4.8540196070093845e-77,2.1987138592031036e-64,7.7690702252911339e-53,3.7676460791458913e-50,1.8380408568742675e-44,1.677190190605371e-58,1.2816297573491756e-50,1.2481130215450503e-53,2.8820613671814324e-58,6.6828665685802091e-52,2.9926296339952708e-52,1.45897592902934e-46,3.2040085938693478e-44,3.2190588438816219e-41,2.0362292399076707e-38,2.0461888340701242e-41,4.7504799894802326e-39,3.5379200948943433e-50,5.005395324277405e-86,4.7370464847575914e-52,1.6024765941726076e-27,3.3436466573368173e-25,1.0324954097974942e-05
5.3745308030696182e-26,1.3132054156471016e-46,1.4455394143045186e-39,7.0503051477098719e-05,2.2695447638546088e-60,6.4060443135841151e-60,1.2299142984559346e-60,2.7398201601495917e-57,2.4579602228148192e-71,4.5868977795185214e-39,1.1786763582911953e-54,4.8321830636601433e-61,4.8362296017755025e-53,4.7580188126956178e-75,3.7372365674134116e-55,6.2146181603170009e-82,6.2243910510772146e-80,3.8964361811670943e-67,1.7842422111922704e-55,9.3220332345843168e-53,3.2306273672158421e-47,3.1899843732680509e-61,2.6959250696958171e-53,3.8053412608518214e-56,7.6085557790736596e-61,1.9597051669054776e-54,8.951183545319702e-55,4.4446588902590152e-49,9.7199125268065093e-47,3.4329118951300918e-44,1.8714364226965532e-41,2.8020873116286016e-44,6.3571387804365788e-42,8.8500459698801054e-53,1.462050613848609e-88,1.3491460169720645e-54,8.6629194391209824e-40,1.8464997354175719e-39,6.6556075312942082e-06
4.3784111776748763e-39,3.9256335768498841e-49,4.3478432032433351e-42,4.8964670688515671e-26,6.5618314560510466e-63,2.0157252085694379e-62,3.3329006193919163e-63,8.441484384622091e-60,7.5439732180962394e-74,9.1424492007089955e-42,3.3529216292626063e-57,1.2449149563795426e-63,5.9429188402950998e-56,5.3007740280897253e-78,0.00019006103231702606,4.8538074350156025e-05,4.920370121032426e-06,1.7021459929554478e-06,4.6370039047586733e-58,2.4885889775057088e-55,7.3990082444778584e-50,7.4816114379153104e-64,6.8442137936533862e-56,1.1996613938127072e-58,2.1634041029236984e-63,5.9539487666212471e-57,2.7933222875593395e-57,1.3852590973643554e-51,2.9923255552745759e-49,3.626203439313614e-47,1.999951297253418e-44,4.8276028616824961e-47,1.092113824174307e-44,2.4385221221351309e-55,4.4323193091631748e-91,1.0162248456940818e-05,2.6529783437809405e-42,5.6658612008580798e-42,6.1564895437629517e-27
1.1203061555120017e-41,1.1158548079371337e-51,1.3120879820344464e-44,3.1449263845820343e-39,1.8623261538798216e-65,6.2985796571303239e-65,8.698349840171181e-66,2.5722592603975512e-62,2.2916489517856702e-76,2.0647606057868082e-44,9.4633241588989334e-60,3.2522848307606975e-66,0.00042158967171264535,5.2652054276286922e-81,1.4961492868014936e-25,4.3764366471263452e-26,3.5450141478621054e-27,1.255483677887267e-27,1.2175226782484928e-60,2.2992401929704277e-05,1.7690085322000629e-52,1.858690989603541e-66,1.7620403123501592e-58,3.8130354668298112e-61,6.2241606176771555e-66,1.7901266302972636e-59,8.5833327411104615e-60,4.3031746597534035e-54,9.1935256087768821e-52,0.00022554518752259528,0.00023552093081138294,0.00043716461799868904,5.2443842965690461e-05,6.7560423368476475e-58,1.3670789339832131e-93,9.2812895694089355e-27,8.1828210668863515e-45,1.7768113768969084e-44,3.1020514300891148e-39
2.506201776786395e-44,2.8916212854529396e-54,3.7279655641990192e-47,6.7855744576252143e-42,4.7949474678893656e-68,1.9169540953315465e-67,1.9056835706046174e-68,7.6894716746056661e-65,6.843840426846795e-79,3.0732563902080178e-47,2.2616124646137638e-62,6.6484638186215412e-69,5.4652006554974625e-25,5.0986510403264246e-84,5.9577532306748494e-39,1.112581854477568e-39,1.0421664921188326e-39,1.6421361760959125e-39,2.5055396581372491e-63,1.6053316746165003e-26,2.754993541950189e-55,3.0615912293988629e-69,3.5459862324056459e-61,1.1519003097947158e-63,1.6159279643831143e-68,5.2629420187404273e-62,2.5771515426593003e-62,1.307023974119692e-56,2.7935185320967601e-54,8.409653215914335e-25,8.2806714326291832e-25,3.5875831742181211e-25,5.0894865291640522e-26,1.6316586288652649e-60,3.9247414937818351e-96,3.157660472670203e-39,2.4632942151596537e-47,5.5181721622517717e-47,9.1710821786049881e-42
5.679642232087178e-47,7.2159541605591249e-57,1.0175166925158675e-49,0.00012636106388960166,1.248233064507046e-70,5.8356719710240278e-70,4.4819230484207744e-71,5.0737382622653856e-05,1.2149391960955047e-07,3.3201700404051257e-50,5.2637714261172556e-65,1.3496124185700391e-71,0.0015770886203304545,3.4659663943122223e-87,2.5335389959838421e-05,7.3794206194957234e-43,1.0313620703033164e-42,1.4493287888838118e-06,4.4744344720651782e-66,1.2911632670319656e-39,4.4227726835322244e-58,5.1608273682838165e-72,6.8789287891802366e-64,3.4453146185075798e-66,4.1031487221693829e-71,0.00021345958009095353,5.6454074955826063e-05,3.8171613035984623e-59,8.0272550907698723e-57,0.0009774536422647881,9.9207076316124184e-05,0.00078031235725754529,2.9255245019633541e-07,3.3830939846148071e-05,2.8210976102679396e-05,4.4272667685648109e-05,7.154869524390562e-50,1.669447269011365e-49,2.5417528579392993e-44
1.2900430885502611e-49,1.8558373736114079e-59,2.7586300012899128e-52,7.3085134546097465e-26,3.2844998291626322e-73,1.7778243852464747e-72,1.0534911713722973e-73,4.8477247490020792e-26,1.1379083530505369e-28,6.2402756231993111e-53,1.3409664588593379e-67,3.0678787766327259e-74,1.618438765884851e-24,4.2461653426611276e-90,1.8176177895659559e-26,1.0514599927822997e-45,1.8915549258953693e-45,1.0277826805883796e-27,1.0803501910293862e-68,3.3685100632074082e-42,9.3932252067231046e-61,1.1185662666523631e-74,1.6324110931542287e-66,1.0673584283909924e-68,1.1182126387362113e-73,1.9314222214643677e-25,5.5254635616321109e-26,1.1475388046033604e-61,2.4111414585347163e-59,3.612195735210271e-24,2.424180872099995e-25,5.846457960518366e-25,1.9519524018837574e-28,2.6633086248327225e-26,2.5544918277065472e-26,3.9908107963637695e-26,2.0989057941149792e-52,5.0508807637713468e-52,6.9964749209890527e-47
3.0850632025517837e-52,5.0407618341645514e-62,7.944056032210316e-55,2.8595210722521858e-39,8.9144591888189104e-76,5.4796824915322813e-75,2.5482869580772482e-76,1.5995892676048512e-39,5.9168163974649587e-41,1.0737921937202325e-55,3.5357415194101283e-70,7.1869588914173986e-77,1.7459506111439967e-38,3.9715087878204094e-93,5.1363132905904885e-39,1.146404894046389e-48,2.9991579098079182e-48,1.309036157700918e-39,2.5452049392375522e-71,8.4605594122075757e-45,1.976258675442573e-63,2.4619553827854016e-77,3.8513977078443446e-69,3.3042618358999137e-71,3.0616746627805452e-76,3.5425697256039886e-39,1.6868086182985072e-39,3.5273009267789799e-64,7.3919714404699458e-62,1.5834928970853855e-38,9.2093321808378313e-39,8.8375240009648566e-39,3.9152364402564176e-39,1.0809021931097733e-39,1.8354495182345451e-40,3.0612046346441393e-39,6.3408067856630634e-55,1.5655803605782974e-54,2.0514749528320218e-49
6.7414258664280345e-05,1.4368472400691908e-64,2.3313723481753514e-57,6.4958989135597014e-42,2.4023113050467924e-78,1.6869582417323025e-77,6.1127880686521222e-79,4.834132314794969e-42,1.7869989561949448e-43,2.0929124857807602e-58,9.4182815164619056e-73,1.6856996411810074e-79,2.6959842579935914e-41,4.9481000953763573e-96,1.2771900545649666e-41,1.6053890302176256e-51,5.605166656175311e-51,2.9905640713772625e-42,6.3498377070390068e-74,2.9372748480064409e-05,4.0269731595071423e-66,5.1232802410026079e-80,9.0696395624894749e-72,1.0309912781395544e-73,8.5649036991868519e-79,2.2840903020062834e-05,1.8746134701681483e-05,1.088079620662224e-66,2.2724946433148711e-64,1.8034576752582139e-41,1.0968883416138769e-41,1.6388932611729635e-41,6.7742046577592507e-05,2.983820410532759e-42,5.6093170596550264e-43,9.0238663471166501e-42,1.9305329562597535e-57,4.8743114422358037e-57,6.1428562163163548e-52
5.363333219524802e-26,4.2232020634943194e-67,6.84890350176008e-60,0.00016865517518770406,6.710133833356291e-81,5.2647509123323499e-80,1.5234299906050155e-81,1.4758809492103582e-44,5.4620625299069559e-46,3.3837948159654994e-61,2.4956445431388295e-75,4.1282067899079723e-82,0.00050330358708856556,4.7542155084370001e-99,2.3171361271781519e-05,1.8408840740159331e-54,9.226402081161578e-54,6.2308216713744377e-45,1.4378527813092555e-76,2.0998595441252804e-26,8.6910496609988983e-69,1.1514783200115635e-82,2.225516456402243e-74,3.2175259099341797e-76,2.4027748367790797e-81,2.1041385143553128e-26,1.9065118835463367e-26,3.4053616097003734e-69,7.0694216618876884e-67,6.008997424620923e-06,1.1361319625519621e-44,0.00023433183593037619,3.8199904122023529e-26,7.7136346508878009e-45,1.6758298274102756e-45,2.6216115672237211e-44,5.8628916306598765e-60,1.5141915716943792e-59,1.8248007603383746e-54
4.3720522033743352e-39,0.00012252101399127179,2.082301221578788e-62,1.2162936328346483e-25,1.89755392920044e-83,1.6360399850218165e-82,3.9442917619741771e-84,1.1505700975170327e-05,1.6686192498699564e-48,7.574106475775301e-64,7.1083453933613566e-78,1.0746726481788569e-84,5.2315386290859917e-25,6.5645915040314707e-102,1.8342548510022096e-26,3.0570945548236774e-57,1.9465975080556866e-56,1.5586226682874654e-47,3.9029891993378615e-79,1.3232561765459219e-39,1.9152110285613277e-71,2.5355092980959741e-05,5.6572492446188496e-77,1.0187207663057177e-78,6.9518140635793269e-84,0.0001524659967594642,0.00010488060959433361,1.0659984925037308e-71,2.1975277438505996e-69,1.4323873492682787e-26,1.3132102228433416e-47,6.8548509759395547e-07,4.6088945351947651e-39,2.2419943253743472e-47,5.244524337963529e-48,7.9445172531308393e-47,1.8071190206721606e-62,4.7342621928001628e-62,5.5124525415895483e-57
1.1215684369967795e-41,5.9140796322467981e-05,6.0921917312646157e-65,3.0339691869488631e-39,0.00027543231029753657,6.054246688084478e-05,4.3974897094027731e-06,1.1114677629015913e-26,5.0208204061671105e-51,1.1456034497823846e-66,1.8371631807481852e-80,0.00010667463424268812,2.0386409258995609e-38,6.9096190594983646e-105,5.4171258663175862e-39,3.7739526984821681e-60,3.2237615344893326e-59,3.2304910734387079e-50,8.7062170960265306e-82,3.2466869524659709e-42,4.4482835069801156e-05,0.00021556037670302457,9.2233816870384319e-05,3.0542586376563758e-81,1.3579148831295381e-05,1.3768619856912115e-25,1.0400093377393065e-25,6.8052824286832223e-05,6.6956475583265922e-72,8.1105114195387782e-05,1.4706220459964434e-50,0.00047717528384002308,6.5925997155112109e-42,5.6634069007995118e-50,1.5517722833176859e-50,2.3078798518164492e-49,5.5153474568694604e-65,1.4758028588154134e-64,1.6545216692849546e-59
2.4916317987423289e-44,1.0616499925228035e-05,1.7611855481534128e-67,6.1975768799674852e-42,1.4606324656704332e-05,5.6253619662500398e-26,3.2102639497839521e-27,1.5999319260018837e-39,1.4832311758380839e-53,0.00020292798049944083,4.7695419097959053e-83,1.3507696224990074e-06,0.00038575818708186171,5.0042786172273006e-05,0.00010958704960930682,4.6795728925614081e-63,5.2698957963589074e-62,6.2384214900346068e-53,2.0040050242015063e-84,5.0952296887385196e-05,2.6489468945169256e-05,0.00022430735727337785,6.2689315067684912e-26,9.3599481280507579e-84,1.0632988829615512e-26,4.2356861878540527e-05,1.6945827138662842e-39,6.7547070554171836e-26,2.019036319832223e-74,0.00053402693971516283,0.00046090422398448432,0.00026696291074483055,4.3553368857821499e-05,1.4088441047684337e-52,4.5054413783009683e-53,6.572668269789274e-52,1.6621330515996049e-67,4.5540926681365422e-67,4.8213587731575452e-62
0.0060027209597675272,0.0014788926063472561,5.0873547248719417e-70,1.2563142109576357e-44,1.16052271830158e-26,8.4821871899764329e-40,3.4636729909375359e-39,4.8193254594516684e-42,4.4309364477854238e-56,0.0035107770137969715,0.00044437938068884677,1.371970974554143e-05,0.0011303363278805272,1.1070155989733364e-08,7.8488203314102532e-26,5.9043399501200211e-66,8.8148527752472997e-65,1.2899220688843073e-55,0.001713422183703872,0.00078264126138001154,0.001808349903996071,0.0025469987316179823,0.0001977429576140854,2.8784862567321437e-86,2.0336686376647711e-05,2.1015534179782732e-05,0.00012769332569261549,0.00016120423228143952,6.1769313146499049e-77,0.0022613373758035068,0.0010580816859460174,0.003913040822077129,0.00066271110613693287,0.0001831586012360901,1.3430851241370043e-55,3.7993872748707755e-07,5.0045603489673925e-70,1.4045360742550766e-69,1.4099381085852532e-64
0.0014737715926423957,0.0016263305289716382,0.0023304078537017651,0.0016432703024083066,0.0027325113209901272,0.0013895456847347061,0.0058882911105647652,0.003226716458815317,0.0001471745606287816,0.0030156386769164636,0.0087626280590399758,0.0018212854305037105,0.010457117750086422,0.0029796575558035648,0.0051957250868122943,0.00028016409566585491,0.00027492344062244564,0.00046481131183553952,0.0030176839400058611,0.0010748861740818938,0.0015700647757146871,0.0030060972673978557,0.00051097376131297042,2.2131300826160415e-05,0.00027872134315044914,0.0032624534793166365,0.0026280810494931635,0.001139372897455799,0.00028260765907528175,0.0075541054825571403,0.0046358556399166877,0.015135640105119575,0.0016398335485520172,0.00053071580226227817,1.0323655617249617e-05,0.0018713395340415584,0.00087139928231038841,0.00017787153807227274,0.00040208355289975313
0.00018247261410742839,6.189224309282107e-05,1.0942489730669816e-06,1.2060716562691952e-24,2.4317975333235836e-24,1.3728303681348197e-24,5.2426719288553532e-24,3.257726198434911e-24,1.486623188423758e-25,2.3183734655922956e-24,7.7829569895643874e-24,1.4124652835859386e-24,0.0034205525829467541,0.00043782013921906331,1.1443474232694562e-05,8.0020796651972658e-05,3.403709811129849e-05,3.2512121586966283e-25,2.5112237397916139e-24,8.5553878786066962e-25,1.0639934782082503e-24,2.2275111295508465e-24,3.8960011089379585e-25,2.0612009835681143e-26,2.3511849624746158e-25,3.0838555982494253e-24,2.7670784281877526e-24,1.1931549071452903e-24,2.9202864936338278e-25,0.0038638427165932779,0.0022503218362942153,0.0070910756834445202,0.00036182645943644916,4.2491666409729411e-25,9.0505256822543208e-27,1.7482527693125745e-24,8.530005301240645e-25,1.8120913287807119e-25,0.00030776305252076087
8.528644832056845e-05,5.2392795842122596e-26,9.9236381340050235e-28,0.001023010822507502,1.1254754845814153e-38,7.464637418744759e-39,2.228137674129632e-38,1.7323771827675585e-38,7.7556578407369279e-40,0.00021615071653507229,0.00069699488270424069,5.4033318303760226e-39,0.00057692207053099392,0.00035907185869839205,0.0017787715713327734,0.00019337972966385208,0.0002824979221463984,0.00053795384848553572,2.9252941566953204e-05,0.0001953819086124984,4.5716974625968942e-39,7.1320711910034472e-39,1.4416667644103211e-39,1.1237206272520422e-40,1.0771840722639864e-39,1.5980605762107523e-38,1.4665978661166043e-38,6.4267806660394994e-39,1.5697195650375216e-39,0.0012118202446100308,0.0012234277307988496,0.0064992132749306713,0.0017601693609588269,0.00054465309343285204,0.00021020186430993433,0.0022233315149381649,5.6321024878692996e-05,1.0000730448758907e-39,0.003157182585249415
6.331539898031837e-26,2.2431822367068866e-39,1.4599120109746792e-39,0.0001848387444834387,3.0138635568564242e-41,9.6747100308824483e-06,5.2967408675561772e-05,4.3853176943290561e-05,2.2331195503500922e-42,0.00024558757811732291,4.7383911163242638e-05,1.2672100061622461e-41,0.0011927489296854137,5.1788685562096597e-25,2.5554591522471063e-05,1.6528225081877259e-25,2.2814387938616877e-25,4.4384994452638732e-25,2.1155967465987711e-26,1.5230514577377854e-25,9.4790709424458384e-42,1.5107400265611141e-41,3.3198754658463518e-42,3.443998495651789e-43,2.9202202812388675e-42,4.6959710682982212e-41,4.3124411488497503e-41,1.9400918404927332e-41,4.7442784577049253e-42,3.0481422041805065e-24,2.3814044596565578e-24,5.0652085787421603e-24,1.343149403182836e-24,4.6751408718600311e-25,1.9888984143252346e-25,2.1168379009186937e-24,5.4110767456084064e-26,3.0799274743085863e-42,3.0001860413284887e-24
0.0021916453502840959,0.0011906077559738922,4.1195763573146815e-42,1.2040153078991541e-25,7.6146875127342054e-44,8.8672501981620046e-27,3.6975340321478662e-26,4.1541027113359939e-26,6.4258096561190133e-45,1.3731707586796459e-25,3.5269949087351348e-26,2.5880316090509621e-44,1.1058885012013155e-24,6.5109455238533385e-39,1.8114279647982958e-26,6.5737866293669924e-40,7.467505741067465e-40,1.3941197176645411e-39,1.9523605083405648e-39,1.2823186762271046e-39,1.5356303097261701e-44,2.597985802132774e-44,6.6222945287633144e-45,1.0257710988732283e-45,7.4979417136161959e-45,0.00010609931859449396,7.309124773679776e-05,0.00041308709262683201,0.00020821410714121785,1.0173836677213253e-38,7.9036073688817029e-39,0.00032492985049313832,3.9377516005234904e-39,1.9634426942219456e-39,1.0173656032169341e-39,1.0324261106565021e-38,8.6678870163647349e-40,9.5022138291256057e-45,1.5184244463105611e-38
2.8688985139982298e-06,1.0848251021752995e-24,1.2288510626348815e-44,3.0131895647071598e-39,2.1619738466855912e-46,8.5361141825803821e-40,3.5880636272158513e-39,1.6064894837122597e-39,1.9938139672627178e-47,4.7062759488985215e-39,6.7444601083076125e-39,6.4670412687707959e-47,2.3088776303179974e-07,7.055334998374007e-42,5.3656329881001913e-39,8.5781122202922794e-43,1.3154252866904505e-42,3.0962550892204607e-42,5.0898406742883578e-42,3.4688164127742816e-42,3.3322364017168518e-47,5.7936204835885311e-47,1.621681047435223e-47,3.2133030368580217e-48,2.129384578820844e-47,9.8528848666667149e-26,7.4429772174817572e-26,4.2841565579862031e-25,4.917582667501862e-06,0.00062223377522683057,0.00025943110751849098,0.0024096162379144267,3.3007042268390317e-05,5.3410538129556094e-42,3.0245689151671456e-42,3.0276997314089436e-41,2.6550482831716784e-42,2.9692597048245553e-47,4.5322264665889085e-41
1.8685071800391996e-27,4.7323916495335685e-39,3.6072354155936533e-47,5.7722933343376767e-42,6.0686204229678851e-49,2.6241165158620671e-42,8.9503131353437307e-42,4.8099666256126554e-42,5.9098068350280175e-50,9.2901468725639571e-42,1.7339256289230066e-41,1.6303905423033644e-49,2.2755502775302868e-28,8.5137226492026625e-45,1.1457813942359064e-41,1.1783456999826298e-45,2.2826620516990257e-45,5.9562492714565985e-45,1.1842206883464044e-44,8.7383983797025231e-45,7.7648420254607201e-50,1.3792299934006713e-49,4.0637077179700829e-50,1.0060373690652466e-50,5.9954759766950911e-50,3.5705935981264381e-39,1.7034037730692924e-39,2.2265312608010904e-39,4.7734683524497371e-27,1.945193111237553e-24,5.8537047495524827e-25,1.8145881521591258e-24,2.1533550895061874e-26,1.3178436784284401e-44,8.6047680509083988e-45,8.4373612214242479e-44,8.01159696411991e-45,9.1494857537649499e-50,0.00063836928737435376
4.2524164871027174e-39,1.2108999648452162e-41,1.0269948555864735e-49,1.2583350427310477e-44,0.00027862737232542157,6.4574822654064873e-05,0.0012617131074515043,2.5766056216281498e-05,1.6868077485348295e-52,2.0456641612020822e-06,0.00079589384565793581,5.2507366375759328e-07,1.4059081670918206e-38,7.0975336063115949e-48,2.6643446097041829e-44,1.237545045757042e-48,3.5289817730963487e-48,1.1897482698634955e-47,8.0650488968933379e-06,2.1126792888146127e-47,1.0097193319938323e-52,2.1135024200207359e-52,7.1871874452427408e-53,2.8967709017005919e-53,1.4350879374477007e-52,1.0158198180170411e-41,4.9279193899110135e-42,6.6359644186495875e-42,2.3840542976499789e-40,1.0886664223143405e-38,6.724214087240447e-39,8.0848696751179762e-39,3.7577261795640226e-39,3.2994535316070748e-47,2.5257202119173212e-47,2.4096212545398582e-46,2.4149867277561162e-47,2.8211998828841231e-52,5.9021619027015215e-25
1.1102344574992297e-41,1.6872237994202898e-05,0.0026975662426480473,0.0020878996532390811,5.0493039895944911e-05,9.7238420613225123e-05,0.00078594362083610214,0.00059178749357849836,5.8945701299752109e-05,1.3632713511902099e-27,0.0013829175719914314,4.6831771125273105e-05,4.5518551610545822e-05,5.8499982941344977e-06,0.00082397548795310025,2.3229995747185068e-51,7.4462514372092562e-06,3.1344981324101708e-05,6.1653774650370668e-27,5.8586574916322875e-50,2.3216000375037381e-55,5.0262330077149234e-55,1.8341701072602131e-55,9.1013975618060409e-56,1.7033018859949929e-05,0.00090925819934605542,0.00064487373817863759,2.0371496260837524e-44,7.2537783333002191e-43,1.7426453394417469e-41,1.0810149799901152e-41,1.8153725421172278e-41,7.05884996150305e-42,9.4696663129019473e-50,7.836753446899456e-50,0.00026533653544114771,0.00090384091488521852,0.00066045033182784453,0.0019125142209419504
2.7746610213591295e-44,1.4341181150297533e-26,2.5149194114577164e-24,1.5943516898385592e-24,4.0100894803714848e-26,9.1936581690965769e-26,5.8284796630561418e-25,5.7857720134704992e-25,5.8047081133710204e-26,5.0589799073119297e-39,1.0934990198130349e-24,3.3081419770595286e-26,4.4983761187876108e-26,8.6530346589653017e-27,6.3357235094250137e-25,2.9106600153109906e-54,5.0091496821209318e-27,2.2234982985503601e-26,1.9996219002545819e-39,1.5202604551673384e-52,4.874018344957899e-58,1.061027946802253e-57,4.4621056553468148e-58,2.8483120018354825e-58,1.4052986081598143e-26,8.5093296801815386e-25,6.5821609571215964e-25,6.2090031553082822e-47,2.2008599335233541e-45,2.0860337342585608e-44,1.1402322942704948e-44,2.9667185121703208e-44,1.166924945382327e-44,2.527611786049587e-52,2.3600308826494299e-52,2.4283264879099433e-25,8.7879429367917598e-25,6.7832534459599035e-25,1.8096257944092587e-24
7.5065303535589352e-47,2.2182503872539245e-39,1.2201309220624142e-38,5.4179931508449989e-39,1.8652393962739523e-39,8.5127872353854941e-40,3.5890637779479075e-39,3.0954907438152603e-39,3.0778479883357381e-40,8.2481062401521125e-42,6.6900062361719057e-39,2.7010656471396839e-39,2.0224851365139152e-38,7.3352478003162402e-39,5.174771137846175e-39,3.8360982030059412e-57,7.5317970475983724e-40,1.3296772907407487e-39,4.6613243597966308e-42,3.838877815313382e-55,1.1350831496903318e-60,2.4621059357677515e-60,1.1351746437492457e-60,8.9643762448415198e-61,4.3263439483759073e-40,4.487400768994275e-39,3.5616099845590334e-39,1.9282230786198986e-49,6.8029078786620139e-48,2.3490610771718133e-47,1.2602166537393221e-47,5.2093262983272689e-47,1.671785616834672e-47,6.768146352681791e-55,7.1435348131068493e-55,3.0694417441780115e-39,4.6362631862956034e-39,3.7006983651815532e-39,9.3059037176656303e-39
1.992976747229922e-49,6.4122871804425218e-42,3.3884880345382654e-41,1.193444105166419e-41,4.9644842449042756e-42,2.612802967654307e-42,8.4868523621165253e-42,9.3102069757428448e-42,9.1078389572627811e-43,7.319398729648727e-05,0.00014973464519629326,5.8632423320844273e-42,0.0014107994631074833,0.0008441484863563433,0.000779840308317812,0.00022426065402832935,0.00033735170888169141,0.00057458726746959638,0.00034913239980093492,0.00022643301322841419,2.138513431780458e-63,4.7145539778698168e-63,2.4989149276894454e-63,2.7369180426674703e-63,1.1624284114517104e-42,1.3386892012179456e-41,1.0765071846986661e-41,5.9001248032826625e-52,2.0767292389276691e-50,0.0030278089775188561,0.0010809119207555668,0.0019528719274532875,0.00042768070710512163,0.00035642878478565866,8.7315018380819355e-05,0.00072953517595345321,1.3767367548721956e-41,1.1097063880417365e-41,2.7575222258506326e-41
5.1865233554736981e-52,1.7962485303924023e-44,9.4232552326201538e-44,2.6469624815264711e-44,1.3674467506238677e-44,8.0249697032702693e-45,2.1958814241606747e-44,2.8115511604491771e-44,2.6890912572635402e-45,4.6304420513487756e-26,1.2133535968059255e-25,1.3822205105491937e-44,1.0331113619785263e-24,9.4399900637276211e-25,6.0852962446311915e-25,1.6177439570106468e-25,2.5543095971278717e-25,4.6881670935054778e-25,2.6595889796346643e-25,1.7980383130885707e-25,4.2648900895726835e-66,1.0049153560685561e-65,5.8586127525226308e-66,8.4360957971173842e-66,3.1989064039635017e-45,3.970579754260544e-44,3.223446848235291e-44,1.8052323177568576e-54,6.3562094624652917e-53,7.8905603793457694e-24,1.8117428400049709e-24,6.3515076292491993e-07,2.8628551066556064e-25,3.0628339807321424e-25,8.1375553511628e-26,6.855171348342505e-25,4.1455088488037165e-44,3.4159324424214888e-44,8.1267916559930436e-44
1.4380469166989482e-54,5.3400145369848413e-47,2.7671579412092963e-46,6.32274816717499e-47,3.678581380367293e-47,2.4683620701528104e-47,5.327323481536558e-47,6.6397336032113866e-06,1.0169606256149609e-07,4.2645429399585403e-39,6.4909734113565919e-39,3.156715866993905e-47,1.3027431935054978e-38,4.5428730053827732e-39,4.9495229752523001e-39,5.3156756630959612e-40,7.1349682526224623e-40,1.6672539310743129e-39,1.9009813134936213e-39,1.2601769259217571e-39,8.767762083849642e-69,2.0525714343675059e-68,1.3698899804166628e-68,2.6072294310548919e-68,8.8807460755274594e-48,0.00011273138893426858,4.7911286977087116e-05,5.6182962390237428e-57,1.9716826696537533e-55,1.8653627410437887e-38,6.5092306883159175e-39,4.0228003450701405e-28,3.611658225027091e-39,1.3705298707953284e-39,4.3191259477498272e-40,3.5012048928211959e-39,1.2629535154871566e-46,1.0620483510982021e-46,2.4472524737871041e-46
2.2369192839693899e-05,1.6001270754473058e-49,8.3317006715510633e-49,1.4955302249665456e-49,1.0753842009212986e-49,7.7341243927288435e-50,1.4516688450436028e-49,6.5341020040917866e-27,9.8922746173355097e-29,9.5875907104638047e-42,1.864450266980963e-41,8.5443743431214162e-50,2.4324528754308732e-41,7.5290099518540425e-42,1.3028564023639816e-41,9.8892992882523559e-43,1.6163210140733922e-42,4.2365623552290855e-42,5.1892856266020801e-42,3.5833956377327247e-42,2.1330021744252107e-71,5.2598452456003212e-71,3.6329247836704319e-71,8.2259793488476093e-71,2.5968449870368813e-50,1.0537731824142645e-25,4.8900894879645341e-26,1.7515945677599292e-59,6.1208695786969262e-58,3.1320937470354595e-41,1.0927817549801813e-41,9.9681599390641498e-39,7.5985826201294012e-42,3.9730779653716929e-42,1.3414149025175684e-42,1.0555237365325106e-41,3.8799891369465372e-49,3.3091178963051073e-49,7.3645563870574304e-49
8.2555022882711945e-05,1.834590045164531e-05,2.5839889060903664e-51,8.4589076675709997e-05,3.1477994304026327e-52,2.4370385528498959e-52,4.0658273726854292e-52,6.6106605807693903e-06,5.9174321465697792e-41,1.6123250568064146e-44,5.332917749548393e-44,2.2309583117997367e-52,2.9341140905107972e-44,6.3959630533117192e-45,2.7798832249587045e-06,1.0303055221280729e-45,2.293772757375698e-45,8.478046196419578e-45,1.2471399998419071e-44,8.7999727728081809e-45,4.5623697402440168e-74,1.1457398380973637e-73,9.0776609714271654e-74,2.5836882708031519e-73,7.5148429322322986e-53,6.1121989440177319e-05,6.0596517018651301e-05,5.492373603890112e-62,1.9060887211155022e-60,2.1839766527003477e-44,7.6882094270687019e-45,1.2783247648228608e-41,9.7182297457214579e-45,1.0034373867451723e-44,3.89841053955576e-45,3.1298958871820585e-44,1.2080967486501586e-51,1.0381584348512827e-51,2.2627382057012588e-51
0.00011471237824020708,1.5598455891149026e-26,7.4443416618117859e-54,5.8190912078146078e-26,8.5385280220735584e-55,7.4836862979161099e-55,1.017786866160085e-54,6.4215237050301178e-27,1.7672453168320945e-43,2.9224761174552332e-47,1.4245363985368636e-46,5.152614622712326e-55,4.1398697153157874e-47,7.3187270494042859e-48,2.1194860349241167e-27,1.4382951311789822e-48,4.3487452307956688e-48,1.923237069398255e-47,3.0617283628032765e-47,2.3140170274622459e-47,9.3398392143814351e-77,2.4406957726756061e-76,2.1070503513393817e-76,7.9287222723465171e-76,2.0547177476162049e-55,5.6273557404764245e-26,6.0723373950973196e-26,1.6831120639881205e-64,5.8500596421261029e-63,3.213615297665333e-47,9.8021364752683748e-48,2.5423116055069989e-44,1.6504096218034335e-47,2.7051604674303033e-47,1.1823268865971024e-47,9.1769283822898505e-47,3.6496168811717012e-54,3.2072885657613361e-54,6.658574517718512e-54
9.7284206850475113e-26,2.2155336466854012e-39,2.2871772005047506e-56,2.7711625553552095e-39,0.00053054193557256629,7.324690374516125e-05,0.0022203454046460344,2.6007276422194596e-05,5.5201245575437701e-46,0.0011156813168213611,0.00065822790192975565,4.7288500611086864e-05,0.0012676461597441722,2.6994022798526283e-06,5.0037412943575706e-39,2.5995029660409838e-51,9.466001741924549e-51,1.3121075734225254e-06,0.00028094229847725155,6.1399621291766541e-05,0.00080860629276496821,0.00019951155340227088,5.9279066343457656e-79,2.5386446150198334e-78,6.2181289260455982e-58,3.5374204203835909e-39,1.6888354450491661e-39,5.2729840867332604e-67,1.8205806265500418e-65,0.00090132827237187523,0.0004022731759853697,0.0016847606230454065,0.00021000236140432938,0.0001404303331201083,2.7664215048672508e-05,0.00017327882499360505,1.1327854515040815e-56,1.0049656638738769e-56,2.0497585269336181e-56
4.3956490100585373e-39,6.7298382787776112e-42,7.1740585966050727e-59,7.5643067273353912e-42,4.6831844988789691e-25,7.0256739568077201e-26,2.0594872062641336e-24,2.5644330007892279e-26,1.7072631728088397e-48,8.93272094230057e-25,5.7055287047262283e-25,3.7937672480359124e-26,1.1414539882993042e-24,3.8092163012467378e-27,1.4646026586705268e-41,5.6409968419783546e-54,2.2900891155072276e-53,1.1070531505444302e-27,2.2355014423594204e-25,4.831158320790456e-26,6.5422067960533643e-25,1.539637032671747e-25,1.644739990711378e-81,8.1332943974741519e-81,1.8571235412360598e-60,1.0842558844711458e-41,5.2541392523619733e-42,1.6600661355370366e-69,5.7074015390206549e-68,7.5292628212106043e-05,6.9181315821511973e-25,0.00079945047112981327,1.6468236637124272e-25,1.1876487875481284e-25,2.5561654939644234e-26,1.6443138116246961e-25,3.5650400205865967e-59,3.1674449207261692e-59,6.279766247564335e-59
0.00010528155167389606,1.7431972725611801e-44,1.958955563149003e-61,2.8312381353575728e-05,1.9108556431457222e-39,8.5188612043862934e-40,6.7818232602911254e-39,1.6004437687427375e-39,4.9453279731454447e-51,4.9619214827024909e-39,6.6413117111287986e-39,2.6578054712722762e-39,0.00055075526017896843,5.4598054857110927e-39,2.9445945732624506e-44,6.0206183971110014e-57,3.4135730523914223e-56,1.3464376749400666e-39,1.9759684534661268e-39,1.2990306966214489e-39,4.6838454708191284e-39,3.3088258770162422e-05,3.2745040308254475e-84,2.4097245406598269e-83,4.7522755899279697e-63,3.1451507862369313e-44,1.5372100649836232e-44,9.7081385302989476e-06,1.7138362748242544e-70,1.4179819008725653e-25,7.1498700589587538e-39,5.3751146703495259e-25,4.2950128931540415e-39,1.0961173922802078e-39,1.8485264082343792e-40,3.0757106366727706e-39,1.0372176070175572e-61,9.5877883843093161e-62,1.7733748296835356e-61
0.00014521152054541132,0.00011577849698660251,5.5927861568635458e-64,0.0003730348231758053,4.9698230395490585e-42,2.5766924639911133e-42,2.1492234212374529e-08,4.7856451202507405e-42,1.4570756748541236e-53,0.010377609458972016,0.00021104498709641336,1.9077679371837822e-05,0.016676048299092614,0.0028651915322761216,0.0020694222019005202,0.0005298482417631854,0.00073915742549740288,0.00089062251755033135,0.0012328166513074605,0.002100288898726068,0.0011669210681884757,0.0025072561066531349,8.5089850949006488e-05,7.1903467791037668e-86,1.2308936236966165e-65,9.2713183743388032e-47,4.5981572740435412e-47,9.7007470419809909e-27,5.1678311489159825e-73,33758.046603667899,6646.8185842159419,26354.968821165268,0.0098426081660155703,0.00078002821770580856,5.6734219844634579e-05,0.00026233138362886466,3.1081648745776898e-64,2.9503294028762705e-64,1.498540115954138e-05
1.1926829203824522e-25,3.9490614368541029e-05,0.0043048760857185902,32221.12318379007,0.0030745767746242769,0.0011016219218293293,0.0087906190473145806,0.0014677527757733749,1.582281729599134e-05,0.010731814200207688,0.021444653820284657,0.0025161073590006982,418832.28564345714,105771.17999313421,133370.25719943215,17393.963140960135,26067.988511823758,41813.50431487969,22919.41052143502,12988.022760168125,0.0026046134156553695,0.0045817286044218947,0.00061149211968382941,3.1914212113820174e-05,0.00031574467426750627,0.0012372889920748585,0.00035906378428242396,1.1284436204360728e-39,1.5936908175382223e-75,121556.69462454964,84283.415548847246,238123.22502410901,17356.906209804416,10325.850222597674,3167.8565689695856,22078.157267066068,0.0027281011902123317,0.00089130649465301551,0.0080663089335551285
6.7006419658617048e-06,3.5274642362690452e-26,0.00080133311306887002,89403.718386773064,0.00019510168732776774,6.4345874767047446e-09,0.0017955880158366975,0.00010190986474156904,1.5619156976046859e-26,219025.09164065411,0.025584955274966084,0.00044144573101942419,1588102.2310573161,396359.33488774986,535663.98172923422,66677.568212960483,98983.741690706302,171137.85071526933,110132.65345286395,113147.03345578113,0.0031248347261844905,0.0036223958082061461,0.00026496650685394683,8.8682400866679083e-06,6.9500633338264681e-05,1.1074182205904413e-09,3.710397828591121e-25,3.5136551977178138e-42,4.954223562562177e-78,427215.93577910087,363123.82262007863,1230963.2059235107,315706.81180674245,89036.0206195418,22145.591366825138,198135.97089273477,0.0023867590613429494,0.0002370404910264884,0.00062039859120617807
5.9523944243772793e-27,4.8696031038390211e-05,0.0015755432799576222,52809.28937358554,5562.5476552591763,0.0026280765244020236,43751.465227463006,0.0023453039011464252,1.523875315588966e-05,309941.47287802311,150288.22493144413,0.0092929821418229041,1576587.8390216152,403154.27224935062,532971.05576697749,65508.637403886285,95773.717884465048,171074.0796642155,247229.70168481045,163006.07353932533,93387.430186905141,109819.65775048087,5552.2992976649302,0.00015359393008198603,0.0012060608104264882,0.0021761720645232371,0.0002195824307216467,1.1170524813570493e-44,1.56420803246129e-80,366816.51473386696,332168.30960985803,1110250.8649330561,330332.49418582645,109796.00914587105,22758.542393717435,210755.88381591765,0.0017509047227145615,0.00028249685177885554,0.0024152417358092632
6.507907094933197e-06,4.1426521489401869e-26,6.4566673277735235e-07,0.0063021381746531232,0.00067017226295329154,2.6912649859800983e-24,0.0052419529511538079,2.3543973579319139e-24,1.4763309896014044e-26,165073.60632557189,0.017921845709575474,9.3796191515554613e-24,1205780.9595227204,316408.18470942968,332561.27726181532,49498.635571518222,70411.455549169143,118848.01065026349,163574.44674701779,106829.14080161162,0.011149653828942757,15027.279004142494,0.00066678756501347249,1.5755469704486366e-25,1.1239610964511481e-24,2.0516401217616856e-24,2.2180501951879169e-25,3.4572212682640434e-47,1.0572395544078466e-05,260264.64588662022,246964.66000338801,809801.1888706492,212875.47159937592,65481.995939396737,14590.936159130441,96506.161472979948,4.0740799827970617e-07,7.2153648501686404e-05,7.8908486370831111e-07
4.4389939670462734e-27,2.2159956741719311e-39,5.4559220978454068e-28,3.3950288006566299e-24,4.6693743034587814e-25,1.3702936006147602e-38,3.3012421304713745e-24,1.2097673625914241e-38,7.5738885532221789e-41,33247.358307764152,1.1530199151626764e-23,2.8586474105121237e-38,836219.00215015095,228844.67610624837,151567.1241709115,34075.572407853761,46819.724144529158,71367.449171890737,87149.789237479868,55749.409778047739,5.7498983473522551e-24,0.0018015687370643789,3.9618641130387517e-25,8.1078228210685716e-40,4.8437635294423768e-39,1.0463919122607007e-38,1.6922436877186892e-39,1.0332514198802124e-49,1.0438692564354634e-26,159910.74314641886,164696.16278679675,529310.56760951842,105437.9476211748,25540.362046498482,7241.24452744264,0.011410159264929731,3.7476422150422013e-28,7.1982876527073652e-26,7.0746492500587965e-28
4.1878918781959131e-39,6.2888278899309723e-42,1.4442190032342514e-39,8.5211733327923244e-39,1.919674942029981e-39,3.8489259250105969e-41,1.0669967903160081e-38,3.4904204086023506e-41,2.2264816408044416e-43,0.0039823516001515095,3.8247130563466543e-38,5.6200570076495514e-41,512275.77425642073,150032.41600982274,0.017918414324861243,20315.651154978266,25848.085388393203,29183.772750943128,18579.406928738292,10638.273954895561,0.00012675920565005333,9.5281082424487778e-25,1.3318437921565371e-39,2.302579297738865e-42,1.2445552485900258e-41,3.0738892408675035e-41,5.0587381635242423e-42,3.1596712469553461e-52,2.3786675205110941e-40,75417.118043470429,92849.098925508355,285031.43909862044,11822.467251762786,0.0030414049492341897,680.51434639381182,8.7369749914965317e-24,8.6599167562716379e-40,3.9213797012107192e-40,3.0568586995078929e-39
0.0043544232817715389,0.001825511920306732,0.0016582115441143184,0.004238240597101821,0.00084542817928578637,0.00045764184246085667,0.0023135049780415354,0.0012219302739858817,4.6176577013445216e-05,5.0688254064568571e-05,0.0055813754544584608,0.00093964417179770909,263190.55407308962,90446.62831476194,0.0055924342087875084,8890.2839048774167,7619.1744200918947,0.0036409918461715214,0.0027081644863946089,0.0012776685058233164,9.7065784985452989e-05,0.00015804176411682701,0.00011305306948526539,8.2289060230518457e-06,7.2796285670328727e-05,0.0010684783715139991,0.0011032902591951899,0.0011018958668523717,0.00035275460740602282,0.0091024284356317035,28206.500185086039,66624.137196316544,0.0017656845789904921,7.9041184297470234e-05,8.1909499766972751e-05,0.0025343886665425567,0.0011938800926002248,0.0004524436227260371,0.0053180579259709216
4.0293286469529015e-24,4.4234285639534192e-05,0.0018209685370877465,0.0051570961112922861,0.00019181465923002176,0.00016357852773961752,0.0032669074935173913,0.00076164996423699481,7.128667508101765e-07,5.7355945544014602e-05,0.0064144937694781603,2.6913687844921718e-05,71946.193708250561,44125.42911946513,0.0066074106900357692,1227.7867498394692,0.0016204066473185872,0.0013735827444646064,0.00064547113277035862,0.00042581727249731079,6.6442349061462622e-26,1.09990173696305e-25,8.6443237305443083e-26,7.6646971807053002e-27,6.19849888046682e-26,6.1483470860473571e-05,5.5200673717147209e-05,1.1430259686396817e-05,3.6976644673027774e-25,0.00031559543933942265,0.0046068968286913431,0.012282490600179817,0.00087132680583893634,0.00067029051200868017,0.00017201959744360707,0.0034374847347755605,0.0012278028505262391,0.00058483519515676154,0.0044466504313258621
1.7921458879369095e-38,3.7654996763728186e-26,1.700810236934934e-24,4.3193363266672495e-24,1.5414972788956572e-25,1.5472159696614576e-25,2.7237950091176677e-24,7.4911082935733637e-25,6.8212532884689069e-28,3.5636217321220897e-26,5.5551364307418363e-24,1.8651410938733251e-26,0.0086002781854470772,0.0052186814726489505,5.7263394619130932e-24,0.00014715576836701142,1.2443636165925358e-24,1.1369735136493046e-24,4.904954396230028e-25,3.4797089044618487e-25,4.0268459661807505e-39,2.7924652587121255e-39,6.0168535325602953e-40,4.7771579079633068e-41,4.2046193676639065e-40,5.6743837774870338e-26,5.5470680345020696e-26,1.1553009848250382e-26,2.0035707406066512e-39,1.0005335334417999e-24,9.2560119376351009e-24,8.8354369379102113e-24,5.8026274725017432e-25,5.8594393775217918e-25,1.6126146258276701e-25,3.3099777585660585e-24,1.2012286814938928e-24,6.0028045889340824e-25,4.293160820268327e-24
0.00028519946987236273,2.1897266985071905e-39,8.9041966864550792e-39,1.6577163011449586e-38,1.8293272731476735e-39,8.6598341845677727e-40,1.2764659739210535e-38,4.0853052709138062e-39,5.8975980787204544e-41,4.3997101415216987e-39,2.6687689496546859e-38,2.5425285282141594e-39,7.354237591571052e-24,7.0604310256328754e-24,2.4622523378566319e-38,1.0670998367561291e-25,3.7599266063151619e-39,4.3394596275144979e-39,2.1383762922829301e-39,1.6146207768577247e-39,9.8625487181521996e-42,7.0384255697944765e-42,1.6213789310798653e-42,1.5108202678303271e-43,1.2448674014995254e-42,3.5242163712366493e-39,1.6819317942752936e-39,1.4982895166715552e-05,6.0136905795799541e-42,1.3320234943309685e-38,2.2719543906118884e-38,2.6724324494560166e-38,3.5673203067975083e-39,2.7921106275374821e-39,8.6754477709888532e-40,1.7191267079841309e-38,6.4808304266513553e-39,3.3099272874360893e-39,2.2478084000703666e-38
2.3967304900066521e-25,6.5824336134408278e-42,2.5746813750819171e-41,3.8759624163500469e-41,5.1486311472808231e-42,2.6790892119539225e-42,3.1895561193645406e-41,1.2384307980220081e-41,1.799625795643833e-43,8.3103144381785632e-42,7.1540181905327374e-41,6.3860995906391009e-42,1.4558875258852661e-38,1.2557647289207279e-38,6.1458026317915148e-41,5.9158947698432993e-40,6.8276507077566285e-42,1.0063582587650711e-41,5.3923327168823031e-42,4.4473806647055e-42,2.2043368585791624e-44,1.6087292784343504e-44,4.1188971647759313e-45,4.7476898299793572e-46,3.610819805330021e-45,1.0720615891565137e-41,5.1862940356282239e-42,1.5287170605020918e-26,1.8588962482245577e-44,1.4625464355712416e-41,2.3869486705827535e-41,4.7898616593876533e-41,6.4859845388140096e-42,7.7774498535241946e-42,2.6178773517415889e-42,5.0110974734920811e-41,1.9331614775753958e-41,1.0007028725098194e-41,6.6104211430183269e-41
4.1158227542265539e-39,1.9249055056473414e-44,7.4651485557940273e-44,8.9298579307062056e-44,1.4207164817108831e-44,8.2706574301213172e-45,7.5103382252262173e-44,3.7636812424857136e-44,5.4974651162318847e-46,1.6313339904025039e-44,1.843589774013062e-43,1.550849190376883e-44,1.9176723845325791e-41,1.3031223033075189e-41,1.517758139443586e-43,7.3147324865393397e-43,1.1870143718999651e-44,2.2075213495886483e-44,1.3310499002676348e-44,1.2117620298179863e-44,4.6597153954245153e-47,3.5191361464718891e-47,1.0093161620630296e-47,1.4805716899283789e-48,1.0259618425339626e-47,3.2465023630923704e-44,1.5947707715953892e-44,1.1288539688184678e-39,5.7003279609688958e-47,1.7395295929256969e-44,2.616382334231263e-44,8.8934807505415912e-44,1.1143104274690871e-44,2.1219653990871529e-44,7.8516248858888125e-45,1.4530220323929676e-43,5.8460576461861351e-44,3.0955280020852067e-44,1.9756100760292102e-43
1.1527379757114418e-41,5.7809150276069168e-47,2.2713340578603553e-46,2.2555276923193516e-46,4.1837381207421191e-47,2.5922419549399752e-47,2.0998530055510037e-46,1.1580715359588364e-46,1.6840700377929093e-48,3.4506050780531137e-47,5.3785151549432967e-46,4.2414499096069811e-47,3.207726702163728e-44,1.7284723112158814e-44,4.1371399038407815e-46,1.1279724828815509e-45,2.4401347319651561e-47,5.5442521696711844e-47,3.6736602173240283e-47,3.4363687262420226e-47,1.1202378967974737e-49,8.834863033773306e-50,2.7095119410031738e-50,4.6904861964053227e-51,3.0301537128476657e-50,9.9100594862316202e-47,4.9343500275713238e-47,3.509655942252161e-42,1.7711575565597304e-49,2.431742232618207e-47,3.1880106404171834e-47,1.8010104793982681e-46,2.031526753132767e-47,6.1587543284609401e-47,2.4378573677455994e-47,4.4199884388976875e-46,1.8049479425160346e-46,9.6684914290083224e-47,6.008718493552281e-46
3.2006778811335681e-44,1.7559585340436206e-49,6.9628219581145071e-49,5.8384826452250546e-49,1.235101133293488e-49,8.1629308777472261e-50,5.8120463225071735e-49,3.578753764130988e-49,5.2044843173004693e-51,7.6117117184388869e-50,1.5657074266402006e-48,1.1594632526995502e-49,5.1964955244759242e-47,2.1964921469052417e-47,1.1264396020589779e-48,1.7348968032582952e-48,4.9696424735382075e-50,1.3680350358996492e-49,9.8499453009649679e-50,9.6111351633940137e-50,2.6938462407213485e-52,2.2228332107587486e-52,7.2409175305231365e-53,1.485964319271652e-53,8.9642953436490795e-53,3.0414861043046196e-49,1.5365810102434765e-49,1.0940353475794647e-44,5.494156379116556e-52,3.6584926372870063e-50,4.3483123999600644e-50,3.7857948700032071e-49,3.771848242962114e-50,1.7522385870391104e-49,7.5247826506374748e-50,1.3425659902635906e-48,5.5885486034392615e-49,3.024565924697874e-49,1.8321688976209236e-48
3.0865594333834504e-05,5.5716338858338391e-52,2.1530882689875655e-51,1.589589670967812e-51,3.7384570759692616e-52,2.5913051788144432e-52,1.6857712563594679e-51,4.5693252407787914e-06,6.3485436957084175e-08,1.5990452862900749e-52,4.6980383529570252e-51,3.3077400512511853e-52,8.4178652029648517e-50,3.4703482752583313e-05,3.2439875554595895e-51,7.8666773249711333e-06,1.0974757732129913e-52,3.6565177428065326e-52,2.7621472942186641e-52,2.7660565131338181e-52,7.3158800979294234e-55,5.9392462230899723e-55,2.0493118383356932e-55,4.7672780677677994e-56,2.7132353023082786e-55,5.4494074365283988e-05,1.4130035194894918e-05,3.4777531732111095e-47,6.1510570509647783e-06,4.2057498568337782e-53,5.6235568396089019e-53,7.6139706009797765e-52,7.1568523503551491e-53,5.1768080918609737e-52,2.3660375081114433e-52,4.1499217341380914e-51,1.7379164313045736e-51,9.4843630834988728e-52,5.659732857499415e-51
7.0522373068856386e-06,1.5937771279762833e-54,6.4171967328411053e-54,3.9355790406248908e-54,1.0482884332346517e-54,8.0156693049036769e-55,4.392630064563808e-54,4.4629515480142996e-27,6.088126702849245e-29,3.1718817740313641e-55,1.2965380228441596e-53,8.1427281269252552e-55,1.1033801701869534e-52,3.6062166002136646e-05,8.3733883078305362e-54,8.1733085336428189e-06,2.0410492703637109e-55,8.2963009666835001e-55,7.0336417437711652e-55,7.6537893565682443e-55,1.4968827846309147e-57,1.2941815604108265e-57,4.9904129973619151e-58,1.485222562292856e-58,7.7034607598325722e-58,5.0642197059981528e-26,1.4205583096847863e-26,1.0630351983017933e-49,1.1191362806019924e-05,5.2311472872782801e-56,1.4580585489504195e-05,3.2992972121574813e-05,9.113218745902593e-05,1.4324423346508169e-54,7.1498072470989419e-55,1.2359367477670384e-53,5.3304746216387304e-54,2.953289183878215e-54,1.7065399763170564e-53
5.891946333302216e-27,4.7699309719367015e-57,1.9131396250747989e-56,0.0015679073090017384,3.0421259623873993e-57,2.5132279582891716e-57,1.2060159987698184e-56,1.5918262410004504e-39,5.8918764687507411e-41,9.5138057978329246e-05,3.6508371729260773e-56,2.1096205732344171e-57,0.0074907387673029931,0.0010618473041689722,0.0011353966557988439,2.172472977246234e-05,6.5115485606132622e-06,5.7033591177189505e-05,1.8419752948873951e-57,7.696703956502416e-05,3.3456460180701707e-60,3.0197039349092101e-60,1.2626754241562761e-60,4.6570359692341353e-61,2.2165940665380512e-60,3.5221322584741042e-39,1.6806804304768267e-39,3.3018622321921505e-52,1.1360881541941864e-26,1.7321321675517697e-05,1.6287949654804415e-05,3.243440934741795e-05,8.2167591837939877e-05,3.9745006098724875e-57,2.1748167082313126e-57,3.0067159843075169e-05,7.4102229763259361e-07,2.0850248025038555e-07,0.00020394761078943336
4.1076874336525379e-39,1.4156191966689821e-59,5.7992367298604406e-59,1.2930329943149151e-24,8.8789051913692545e-60,7.8665481356526023e-60,3.358505113756446e-59,4.8820999388185786e-42,1.796224738444343e-43,5.8163146530270722e-26,1.0433541350402945e-58,5.5964211815947656e-60,6.509555768592512e-24,1.246634177867002e-24,9.6061621923177805e-25,1.4668900138289066e-26,4.457493014074738e-27,4.3406796841359302e-26,4.8219124970291486e-60,6.031455755046756e-26,7.7819232802266511e-63,7.2968990225459579e-63,3.2821921313741387e-63,1.4681319272486832e-63,6.4424644673218735e-63,1.0692871616467865e-41,5.1731562215018865e-42,1.0245769583097541e-54,2.3725962052377117e-40,3.609716895655545e-26,2.4326334007354284e-26,2.0490645325708624e-26,4.8653457314430469e-26,1.1086574988303807e-59,6.620517143453013e-60,2.8268624212454233e-26,7.2363274423011556e-28,2.1253257309352615e-28,1.9371860722267787e-25
1.1468114166483595e-41,4.2730024946308206e-62,1.7515023334925315e-61,5.0991211294010636e-05,2.5567070455906725e-62,2.4645296728447117e-62,9.028206256009825e-62,1.1705627283251828e-05,1.3765288680916436e-07,4.0773648901692681e-39,2.9985266298147645e-61,1.44884281142604e-62,0.00097239646450432416,5.134760737040066e-39,4.9219017954400775e-39,5.490973176716042e-40,6.5366284566163321e-40,1.2400108619653954e-39,1.2985533602372765e-62,1.2378513314805307e-39,1.8191980877894428e-65,1.728786284026923e-65,8.4720876564861629e-66,4.6270223780385803e-66,1.8738075771150677e-65,0.00021633664277300593,5.6898962829417943e-05,3.1841396994939498e-57,7.3151923593515608e-43,9.7942263262342562e-39,6.55147079982531e-39,7.5550451246493602e-39,3.4453389202552794e-39,3.1969130140190986e-62,2.0477079158042001e-62,3.0354513766779657e-39,8.6532137330891228e-40,3.839111126396996e-40,3.0505143696423819e-39
3.2871536472648181e-44,1.2995949147368697e-64,5.1834344494442915e-64,3.7064879421808191e-26,7.6030022752565273e-65,7.7663893923379853e-65,2.4900631696836869e-64,1.15804403291317e-26,1.3498255961616795e-28,9.0262918215311995e-42,8.4145903561001358e-64,3.992071078332188e-65,7.4032360561333592e-25,5.9867080049447475e-42,1.285848599843171e-41,7.7827271057222811e-43,1.2841612195096568e-42,2.9912258454331912e-42,3.5249517830113857e-65,3.487985570782454e-42,4.3562050406957314e-68,4.3672071938977669e-68,2.2813485967286648e-68,1.4680762747534551e-68,5.5453490350500869e-68,2.0439679508254079e-25,5.8543256142401996e-26,9.9576330791288076e-60,2.2764252675130165e-45,1.2477570987197379e-41,7.9415587305573673e-42,1.5340797264497695e-41,6.3470420331447225e-42,9.1537910120913625e-65,6.3081514265247096e-65,9.0623403615852352e-42,2.635396278375878e-42,1.190695922624492e-42,9.2098076905048474e-42
4.5149118896642698e-05,3.9902954352258183e-67,1.5599423293684514e-66,2.6753997726625506e-39,2.1919503786789408e-67,2.4380848737646701e-67,6.5296705085271438e-67,1.5893289828835546e-39,5.875309034653376e-41,1.7753643788643881e-44,2.3732196834095481e-66,1.0401547497713331e-67,1.3725394063746834e-38,7.37995656599828e-45,3.4632583555165915e-44,1.2104367584856753e-45,2.668908829200322e-45,7.5679417257771418e-45,9.279331874891645e-68,9.8727105098306441e-45,1.0288391813683466e-70,1.0351727270013785e-70,5.9935944256173759e-71,4.6498029320852414e-71,1.6313384525689412e-70,3.519121426056992e-39,1.6770055785154788e-39,3.1129786859294217e-62,7.0699099690136624e-48,1.6827619011193785e-44,1.0034411177879451e-44,3.1269258160593093e-44,1.176886459093413e-44,2.6461793031599384e-67,1.9609420351488845e-67,2.7496803293496582e-44,8.1054756288317527e-45,3.7157618330279974e-45,2.7964099968177876e-44
4.202531254265682e-05,1.2073740311105986e-69,4.7030549916708481e-69,6.5647602006307029e-42,6.4428664177845626e-70,7.6747654581971655e-70,1.8029479149309731e-69,4.9023398152872001e-42,1.8160558525643577e-43,3.8330858789734359e-47,6.8071779583226734e-69,2.7939381498595481e-70,6.1372900104310837e-05,9.0515049319682692e-48,9.2620661355026057e-47,1.7792872389067751e-48,5.3704323681263185e-48,1.8590875332119274e-47,2.5274325261208792e-70,2.3728049678130581e-05,2.4387315780481799e-73,2.5673388821692673e-73,1.5793149651396284e-73,1.4691577265295499e-73,4.7738817102734798e-73,1.0738291948826186e-41,5.2171547707383523e-42,9.7158254400661722e-65,2.1947408364839565e-50,2.009043683617372e-47,1.2181643200660792e-47,6.4479790065639359e-47,5.7959113044143042e-05,7.6096854955900677e-70,6.0531930205824626e-70,8.2987373216255873e-47,2.4914278623845318e-47,1.1585075787535076e-47,8.4548601373312411e-47
5.7221939205540651e-05,2.9482007632344311e-05,1.4540952394979874e-71,1.7874730559769926e-44,1.9351117743487227e-72,2.4192753439817399e-72,5.2549322064501848e-72,1.5182722056132657e-44,5.6055953243174953e-46,8.789233012597146e-50,2.0277730782967838e-71,7.9003800851580681e-73,5.1562458388917195e-26,1.3788613264293918e-50,2.6328728031259459e-49,3.0591867527322626e-51,1.1847971564094681e-50,4.8357649670856033e-50,7.1363326899303121e-73,1.9284770144714236e-26,6.094147806591458e-76,6.7260310084553527e-76,4.3322992449295333e-76,4.6753061820101963e-76,1.419579817688585e-75,3.2821991191921836e-44,1.6210663587328456e-44,3.0430918643214939e-67,6.84800171493795e-53,3.3336847050309587e-50,1.8673530328639196e-50,1.4299201108846489e-49,3.6283162182330814e-26,2.2224696655419527e-72,1.8849148826775941e-72,2.5473296432847351e-49,7.7459637977906599e-50,3.6329877572500191e-50,2.6054644384027527e-49
0.0082049186399334364,0.0022138242720385354,4.4219647355534779e-74,0.00014641658289205948,5.4721629875846933e-75,7.5797896482770002e-75,1.3697047309783758e-74,4.6954565660117745e-47,1.7393025891848937e-48,1.9239992396340744e-52,5.7844091734820018e-74,1.9574009616965469e-75,1.382893674475385e-38,1.5123681487975645e-53,7.1437043045826183e-52,4.2128708707214864e-54,2.2786870691137698e-53,1.1851927455364933e-52,1.9081388038129161e-75,1.2332538943898876e-39,1.3481360514391634e-78,1.5295103019091218e-78,1.0850664275601203e-78,1.4652068644834663e-78,4.073092364317489e-78,0.00016753160190262605,0.00024997249159491934,0.00027216760106814147,2.1349729618921789e-55,3.9823831374608523e-53,2.0342631773375678e-53,2.7522870111164206e-52,3.4263226922190634e-39,6.3976081998987204e-75,5.8201106111869533e-75,7.7356384105772973e-52,2.3905068249336787e-52,1.1349243072353773e-52,7.9214072330205578e-52
1.9209268529396732e-05,2.0936125942610449e-24,1.3076132675124438e-76,5.4478640674249447e-05,1.6086779627398902e-77,2.393707619566875e-77,3.7196163395674475e-77,1.4551741076784636e-49,5.4136893939501105e-51,4.0919858695592569e-55,1.6336024933440226e-76,5.2046465322755202e-78,0.00090079751772421707,1.7608523437616016e-56,1.8946521770505309e-54,6.2071871923018894e-57,4.6299039580571635e-56,2.9692334608910751e-55,5.2096628946362318e-78,1.4777053765750911e-05,3.2759400595613151e-81,3.7552296519001662e-81,2.8713189115224739e-81,4.6406237784898946e-81,1.1958893259244965e-80,1.5860818000683675e-25,2.5999707288869017e-25,2.8421371940875888e-25,6.6440104241648438e-58,4.6965034044210732e-56,2.3461795871062227e-56,5.5360668551462868e-55,3.611861259609887e-05,1.8657989892097807e-77,1.8087156881532444e-77,2.3355359223194117e-54,7.3068187169870273e-55,3.5314359739466039e-55,2.3889387849384799e-54
1.5979987432036586e-26,1.1144126102180247e-38,3.951961822629251e-79,2.0471189352306341e-05,4.6950976376260818e-80,7.528458559897398e-80,1.0139494287032414e-79,4.499269539750531e-52,1.6764387873004541e-53,7.7569530376961969e-58,4.6660641052422911e-79,1.3866180589720092e-80,0.00037612219864176498,2.2190672558453928e-59,5.1154628436291325e-57,9.2083142749747456e-60,9.4274241027334558e-59,7.3496923389028733e-58,1.3688657796268812e-80,1.1689449921316079e-26,7.8007675819160529e-84,9.2180876065813365e-84,7.6203024526561265e-84,1.4708294179913179e-83,3.520686911011276e-83,3.5113137222277636e-39,1.6749033455775515e-39,1.5818036921963038e-39,2.0662201036801104e-60,6.1284176108522453e-59,2.9507096229621615e-59,1.1346166505485402e-57,2.0711547157641362e-26,5.3241928328386272e-80,5.5911976352917884e-80,7.0658533073280521e-57,2.248677250320758e-57,1.1024823420831139e-57,7.2624265376351968e-57
4.1021994598460503e-39,3.3269646296537838e-41,1.2096450758293494e-81,1.6091528130277248e-26,1.4175722914203572e-82,2.3875054565980027e-82,2.9230848880751138e-82,1.3998897693709229e-54,5.2240555765139932e-56,1.8193399689069807e-60,1.3838186896059556e-81,3.8919998753660583e-83,2.6822704815915086e-25,3.0717253790299022e-62,1.4473554964700704e-59,1.5433092131667763e-62,2.0560662470989746e-61,1.9247362909154512e-60,3.8956305345266927e-83,1.2299840936503464e-39,1.8882112060563102e-86,2.3529251798060167e-86,2.0602726415329772e-86,4.6770746299749265e-86,1.0468142022817553e-85,1.0782486954321727e-41,5.2269037259567533e-42,4.9240392134406636e-42,6.4378680470950656e-63,8.2835442511488759e-62,3.9963310203776696e-62,2.4073122055016127e-60,3.3248365443719001e-39,1.5721653922432859e-82,1.7446509317259911e-82,2.1699561761721385e-59,6.9668871673281385e-60,3.4507597689428879e-60,2.2248960723335683e-59
1.350642854460323e-05,1.0050043289456747e-43,3.7125242303839522e-84,2.6102529525968523e-39,4.268276793259408e-85,7.5665054815114847e-85,8.4355624064242527e-85,4.3552043363996151e-57,1.6255205817843904e-58,3.921202722701772e-63,4.0793453209037822e-84,1.090186685947955e-85,1.2139045071263396e-38,4.2386766486913046e-65,4.0664242426055071e-62,2.5117006997513803e-65,4.3932018523946623e-64,4.9490876543607059e-63,1.0743645195704635e-85,3.4959566629011886e-42,4.6950986344358483e-89,6.0704157678710449e-89,5.6565256240826854e-89,1.4917161765617261e-88,3.1293807771914904e-88,3.3199979533389961e-44,1.6340169845265187e-44,1.5413834011593803e-44,2.0108859414143727e-65,1.1433489641506334e-64,5.2940796267712306e-65,5.088919237803662e-63,6.2168208020413235e-42,4.5570619570780846e-85,5.4217582969455854e-85,6.6409053868597172e-62,2.1598366725519982e-62,1.0808460562239796e-62,9.9004344603141994e-06
0.00018962088579241302,3.0992326369690887e-46,1.1376063294626289e-86,0.00024940297599998994,1.2819620874591225e-87,2.3997975590529262e-87,2.4116936199650655e-87,1.3556732958203339e-59,5.069865822960769e-61,2.1471584172406068e-05,1.2101971002854974e-86,9.8055572878465395e-07,0.0021885260962838686,0.00030386823661588823,0.00016278577090423721,4.0635968308099104e-68,9.5205683113672299e-67,1.3009889749328987e-65,2.9957435819038092e-88,1.0118459433058046e-44,2.5659728642198586e-05,4.3705034046650925e-05,6.1943367877852489e-05,4.7591522336438413e-91,1.1725930658468529e-05,1.0240436218722651e-46,5.1314525398543552e-47,1.12779606990455e-05,6.2865357536359849e-68,0.0030136517291458019,0.001492891522210067,0.0065122942028578755,8.7192293072245483e-05,1.3433484595589512e-87,1.6961346070081662e-87,2.0454220630710998e-64,8.2717374808300209e-07,3.3834653188677805e-65,7.037454069667118e-05
1.623287192607951e-25,9.4869364129032027e-49,3.495407212353492e-89,1.9707052000857401e-25,3.8939991699666426e-90,7.6134470860763048e-90,7.0439049216505371e-90,4.2221187671142796e-62,1.581522561200711e-63,1.539753996430895e-26,3.6002277128177672e-89,7.9183978148209832e-28,2.0495084549411612e-24,3.6801756915555012e-25,1.3848749671136699e-25,7.0802831952368598e-71,2.0950802924564592e-69,3.3489344013582087e-68,8.644754682671053e-91,3.0110182059026635e-47,1.8590741725604838e-26,3.2771321029840055e-26,4.9260751222046446e-26,1.520020765711571e-93,1.0152439212815245e-26,3.1513665940281175e-49,1.6099542633501566e-49,1.1653633014784554e-26,1.9550538707288368e-70,7.4945093643875938e-24,2.5458465923998441e-24,5.2913131046573318e-24,6.1069527896752009e-26,3.958708533652765e-90,5.2752377333502429e-90,6.2596806402096079e-67,8.1202606469070425e-28,1.0596554246019251e-67,6.723439869669215e-26
4.0950153538239484e-39,2.8982670044055691e-51,1.0639396086554801e-91,2.6273324163927515e-39,1.1458535091076619e-92,2.3997192941381924e-92,1.9510966315028028e-92,1.3057712034211391e-64,4.8840829486703133e-66,4.418038207276735e-39,1.0429231020916261e-91,2.4725857218988047e-39,1.2574741768681234e-38,4.4099119615995296e-39,4.8133873557539786e-39,1.0265308632089724e-73,4.2555791144778947e-72,8.4086953353124007e-71,2.3863266361605511e-93,8.6881941076008326e-50,3.9351917729352186e-39,2.7499270967945879e-39,5.9818503750624928e-40,4.8353219494755583e-96,4.2032359501747268e-40,9.6957441799589994e-52,5.0182448730883e-52,1.1275728792872947e-39,6.1131599622574177e-73,1.647787793672796e-38,6.3304072869476755e-39,1.6691572159278925e-38,3.6327138552398597e-39,1.1509063289032223e-92,1.6338665420270375e-92,1.9060419883947258e-69,8.629703761313849e-40,3.3162867350819955e-70,3.0435106199156795e-39
230439.42178081084,268430.55240959546,121387.47142027825,99242.187526236899,290049.49534104241,166586.97478220891,489825.12453707005,346167.71936239686,15907.850482340235,87676.856365916727,406269.55152443057,332184.92213197891,0.0028179861796713405,0.0017778128528247172,32042.841974054198,0.00060703035467715434,0.0010136345557730214,0.0027598502544400952,69416.031015372646,8067.0542185660261,674014.46689885878,345271.93140311085,88803.566976606511,8249.9728212950504,71343.886702704971,784290.5212800944,292304.78987954068,83007.435651178806,17659.171898300363,0.00015650641466287619,0.0016235987590077776,0.013341762778064091,6428.0265041007451,367.96654932143866,0.00046755312463986305,15495.067422886903,51322.092630069361,23126.554372823601,240465.53454206139
332942.09645237419,351001.10934978095,71824.574775143949,10214.957052813426,341603.2542779427,191851.53094253849,504815.7563858793,374498.74481891049,17362.826878366959,3195.456891081988,265028.87089710013,409402.74963944597,8.3664991923489083e-05,2.3525412613631487e-24,0.0039334943682873633,5.4168566685601597e-25,1.0077085950293561e-24,2.8262222263516088e-24,22457.194549371401,0.001344079757708278,1094866.8925635796,512824.43711167137,130124.43807515505,12256.865736499149,102298.35203674913,1056010.7454267927,332993.84900899674,83827.295175723688,16378.13729464744,2.8507650965504387e-25,2.5500102871965409e-24,1.2178737855547144e-23,0.0010330590045525966,0.0001808202901768553,4.7104570309470426e-25,0.0020593654029817015,21918.831882915718,10479.537216381201,124250.10090822818
173560.07583173306,248861.21331341637,20270.947509963084,0.0012272418772670444,250132.41969851771,145816.08588096205,349741.03994094027,287994.74671398842,13825.457546250147,0.00038442849257825371,35956.62239021124,292459.49063235853,6.307268671780266e-26,4.7577270585909452e-39,3.1623061615556057e-24,1.240095251785484e-39,3.051584217129725e-39,1.1129295995038579e-38,0.0026935525429059855,1.1175525788024785e-24,878317.16420786036,380338.05533240957,99059.646942351421,9496.3213674994586,78879.277073094068,841740.99804006075,248656.8808424141,42700.802570928587,7738.3885990493573,9.1870454472096028e-39,6.226044003595534e-39,3.6943188181674437e-38,8.0418704458308594e-25,1.5479638449307753e-25,2.5518456041784075e-39,1.9464812291204441e-24,0.0026028743773422137,0.0012669679854264751,18602.567834294532
29378.295862366122,152773.86312021015,0.0024219583902062749,7.7726684473630773e-25,166326.15461252694,103976.99498847839,208440.03806099843,209702.14461236776,10595.692659003033,2.1473330567072823e-25,0.004315403819506492,184482.0633433297,1.5887611286946011e-38,6.5356682437305883e-42,1.227180210974719e-38,1.8818668270855024e-42,5.7272688349329147e-42,2.3933936552112487e-41,1.6111759281151096e-24,4.2852385059575591e-39,668907.11463093606,257256.44490960366,70186.843843150506,6969.4152207435664,57347.544408592883,646461.32098988036,172350.61523166322,5269.6673868604094,5.9428236519785154,1.2999930183528815e-41,8.5824515915429972e-42,6.8043889247027561e-41,4.0239538872303877e-39,1.078186285276459e-39,7.2187401513945206e-42,9.484143818583751e-39,2.3767407463533172e-24,1.2464249586262711e-24,0.002234023736648617
0.0035230476408611888,66877.223413189116,1.9114141534706218e-24,2.7340577189050647e-39,91019.042404362117,66394.318901283332,82147.677822142708,139519.16958780494,7694.5155175289647,4.4470297005167366e-39,2.9295551448872552e-24,87826.971935548587,8.2963805249212262e-06,7.3776514370786071e-45,2.9069263233308353e-41,2.5600189318585036e-45,1.0601821463360148e-44,5.6015832389363718e-44,5.548680274079474e-39,1.056590052362142e-41,482675.52597997652,146881.59566842925,44292.924979962139,4690.8534131489905,37980.992811924494,470387.67151332332,104395.15780853209,0.00063310787842334193,7.1650169684100859e-07,0.00013849017575828649,8.2179119655048149e-45,0.00092992621451339183,5.7436369943490843e-42,2.8761750215593723e-42,2.1972795827592404e-44,2.719001749114215e-41,1.2104989182275439e-38,6.6843497507403304e-39,1.9823466323629818e-24
2.4685364515962141e-24,0.0079472433944406222,9.7847992929824692e-39,0.00024613331353990183,23617.742220893833,32760.034892504347,0.0097733290046494656,76925.605527202846,5097.2921996729938,0.0041823701484302277,1.8437796536369434e-06,1526.6483778816137,0.01330310296233091,0.0022716725029477665,0.0012568465589869603,0.00030408182953278983,0.00029506248046995491,0.0001955354599270311,0.00025190487027118065,0.00086143464595239379,313861.07345926657,47862.281638690307,21009.237724801264,2637.6812127789672,20558.360983468188,312118.32476580894,44099.894037898957,6.1434290515430561e-25,7.0375382349787475e-28,26496.314504045054,722.20252787399181,6468.8448146619949,0.0059535776634554675,0.0003323764255752029,3.5836856770312249e-05,0.00013518096327057682,3.5338628983516617e-41,1.9669439975236969e-41,1.0418111909319182e-38
1.1477431745191464e-38,6.9740581223860426e-24,2.8814685277405403e-41,1.8342000918503094e-25,0.0028318910985651881,2775.9574885514012,8.1776289185559265e-24,21309.860501715928,2777.3825184503116,3.4518569788899401e-24,1.5861880966103474e-27,0.00018387982387539338,1.2552208224149913e-23,2.6502108121499383e-24,1.0788720666238637e-24,2.3851368092673168e-25,2.390021371805429e-25,1.6202723336136382e-25,2.0184661933305132e-25,7.4843387064466005e-25,162987.99622773466,0.0057219963810630657,195.61420418089827,796.68353258779973,4958.7761779568782,170370.49290925296,0.0052230654120446135,3.426840625691629e-39,2.3702481338690383e-40,0.0031755535185808243,8.6775498163443366e-05,0.00077937755444872927,5.09913092022786e-24,2.9287348272310257e-25,3.3439021898642766e-26,1.2862267808921655e-25,1.0848045385904363e-43,6.1253245884036508e-44,2.5478992085673574e-06
3.1834261844673794e-41,3.6547687537670655e-38,8.7254086807378423e-44,2.695981832677974e-39,2.430986132280958e-24,0.00033429996093044647,3.7767088338937784e-38,0.0025478300404997308,713.27619904204448,1.0768021527043883e-38,6.5049366568990001e-39,1.4246105588483647e-25,3.0666739759663956e-38,6.0255680593510254e-39,4.9080090094649265e-39,5.8825385421847715e-40,7.5537947464283898e-40,1.2381967896582927e-39,1.8722826541986141e-39,3.5328247735761106e-39,27403.306987068379,4.1004377005773448e-24,2.3562305840266265e-05,9.5452746648143046e-05,0.00059477051165067322,43888.755921745338,5.3685350568165236e-24,1.0607517776540271e-41,7.3540088908631789e-43,6.6796478435901227e-24,1.3494003992011027e-25,5.0490423263809447e-25,1.4378345735472038e-38,1.4231568224971881e-39,1.8259454278385258e-40,3.0311567427729859e-39,3.3508052562474316e-46,1.9184720002329525e-46,2.4192594580552687e-27
8.8152057249824964e-44,1.0493536549455656e-40,2.582601119407603e-46,6.8008237205367563e-42,1.1967916787237584e-38,3.2327210432850233e-25,9.4225176204561928e-41,2.5090826336216345e-24,8.5376863524306643e-05,2.2359176036737528e-41,1.8259220031492169e-41,2.485877107680415e-39,4.6016805703562316e-41,7.5993990703584215e-42,1.3106716048760186e-41,8.8417664818061339e-43,1.5108838283771748e-42,3.0427326023051022e-42,5.0174377609737411e-42,9.8734175360224541e-42,0.003288670196721711,1.5428195338125981e-38,1.7432541792595879e-26,9.1051262966830474e-26,5.0273968153349152e-25,0.0052561519390378585,3.0012115380046976e-38,3.3247707683227682e-44,2.2860895322433215e-45,1.6551069269887609e-38,7.2606490368437189e-39,8.0145313662576014e-39,2.5907299135230172e-41,4.0609609631234566e-42,5.6180984917982366e-43,9.1308548336141316e-42,1.0283478859919196e-48,5.9914236090927131e-49,3.0479552983410611e-39
2.4367675363960253e-46,3.1637473955614091e-43,7.5976066107862063e-49,1.6392747718984027e-44,3.3898410961216072e-41,1.8488713732064404e-39,2.4372923573507174e-43,1.3741073722593754e-38,8.4272389398507555e-26,4.701102675514092e-44,5.1234374113247141e-44,6.4413543898261174e-42,6.1983577729293787e-44,8.7399181706476483e-45,3.4220343071288974e-44,1.2730434658817922e-45,2.9786247483213542e-45,7.4839614665063233e-45,1.3682814252778062e-44,2.779364689373022e-44,2.2026498612023904e-24,3.6198650640305075e-41,5.974651639384473e-40,5.3815561720827793e-40,2.5771287241691881e-39,4.9625757113587269e-24,8.927481309747691e-41,1.041030124570921e-46,7.0991023907895549e-48,1.5057761591244523e-41,7.1851836674941404e-42,1.4114236245064432e-41,4.527531812011186e-44,1.1684154573874417e-44,1.7355382797983962e-45,2.7496387658672669e-44,3.1354999574528197e-51,1.8644350902629885e-51,9.2081493911408963e-42
6.7582623074957779e-49,9.4322528509885277e-46,2.2947310494264328e-51,1.5635619114037521e-05,1.0211861566599845e-43,5.8651064444037054e-42,6.927888119964443e-46,4.1402055787160786e-41,4.6302615924081576e-40,9.446193812835963e-47,1.5006158688288092e-46,1.7720084878320201e-44,0.00019292345009933433,1.0572179020450424e-47,9.3139384372807896e-47,1.9458595486179366e-48,6.0640294727900247e-48,1.8775984178797305e-47,3.7107222298376155e-47,1.389863227537754e-05,8.468300246581752e-39,9.1192382377123829e-44,1.5894066635696079e-42,1.6906657223490908e-42,7.519608242146518e-42,2.6942840923457355e-38,2.7819782953549609e-43,3.2644477280265713e-49,2.2097281535320798e-50,2.0175987604692684e-44,8.6007655177768816e-45,2.8347743321864689e-44,3.4401387371095776e-05,3.3634908539682567e-47,5.3695324332806699e-48,8.3770464175739928e-47,9.6604001143305636e-54,5.8314911834890691e-54,2.8049788437693421e-44
70838.339379350349,0.009146427327681339,0.0044810505364058888,1907.2028174334166,0.0022137323537930512,0.0017192815457545039,0.0060813728876827058,0.005229952305069824,0.00015998682846437009,0.00011972506293876176,0.009198473956539702,0.0012535124560446962,0.0061381186645376199,0.0016577800988480749,0.0082139830299457102,9.3601274665442829e-05,3.4275369203970401e-05,0.00033051515011729726,0.00066453718515054538,0.00038679597374127744,0.00031701219537913332,0.00046408559421863771,9.7094734795489499e-05,1.5723146217220469e-05,0.00022277091946432381,0.0067828275017440967,0.0053126365430031311,21475.27388602278,10041.422101513943,5.3664909812807825e-06,0.00026224196683117905,0.00072933128258515824,0.0007674700851942847,0.00037529275963762884,9.3530150138329592e-05,0.0029412727884919393,0.002855843311750986,3078.2900518239189,25792.488509962808
0.011375149202731062,0.0029696635755212561,1.2757885191594579e-05,0.00034815759465428733,0.00061539517281516238,0.00031890751195167035,0.00010634506966405935,0.0002165563939805967,3.8860694937533906e-08,0.0002651656501762724,8.7956165610596507e-24,0.00059847700433616319,0.0056361785611881363,3.2321158990949005e-05,1.9124450342587859e-05,5.9691451944633734e-26,2.3990070413792998e-26,2.7554147287191814e-25,7.3128870558167202e-05,7.4533605129312543e-05,0.0015173596223147575,9.0420475505745745e-05,0.00025071225549241796,3.9068837904764377e-05,0.00032213841132904962,0.0044664549616795163,0.00087427899122133768,0.00329999896831585,5147.0988421686598,0.0062859614540135477,0.0023891607224313825,0.010531427669368923,0.00051327809085728983,3.3160247888162897e-25,8.8293451222610635e-26,2.9269452306228665e-24,3.8890823939818095e-05,0.00043991663100146348,0.0031244294222787603
9.9649402546739323e-24,2.785799369469451e-24,1.181134809800392e-26,2.616934178673622e-25,5.5790322669969059e-25,3.1596005795874318e-25,9.0348316185276033e-26,2.1501209453061512e-25,3.8091398833713307e-29,1.8087333554734798e-25,4.4388398399539342e-38,5.0243193882132097e-25,4.0974126967912614e-24,2.7164653925269178e-26,1.5886744068086762e-26,4.5071423362536218e-40,6.0451113519932947e-40,1.2025038684072156e-39,5.87759923378606e-26,6.1512824244150073e-26,1.1659586383129416e-24,6.7785104520810828e-26,2.0915553080055745e-25,3.997835013362946e-26,2.9446037929211271e-25,4.3519070673081246e-24,9.1513340215536768e-25,3.407477870690801e-24,0.00061157228405220884,9.9110230346395739e-24,2.7533336139505975e-24,8.6010593692654341e-24,3.3806169691174082e-25,1.6831847849737067e-39,4.8733341898335495e-40,1.569663210994775e-38,3.7863442011693115e-26,4.4678517087134017e-25,2.9394820230111335e-24
4.4381455160146672e-38,1.4060094079500834e-38,1.4356418710578188e-39,0.0003927856159120272,2.8673428306362143e-39,1.7807080950512216e-39,3.3907679424888054e-39,1.5919871199253067e-39,5.8846857371230765e-41,4.2123606074895415e-39,1.2848491388651105e-40,2.471674897510756e-39,0.022379309432074088,0.0030846984517182222,0.001635588272463649,0.0003065730442576263,0.00015853053816417424,4.2883278266131223e-05,1.8665161707725433e-39,1.2426934861159856e-39,4.7217363540024483e-39,2.7830311266197149e-39,9.5269264598272668e-40,2.3493103401274354e-40,1.5166404327638611e-39,2.3325636490984444e-38,4.9827010694440962e-39,1.834696079668024e-38,6.0613815066850054e-25,9547.0273086015677,0.0058059857299345864,0.011666567500676274,0.00020998755007602774,7.8786803233622374e-06,1.5184161006803908e-42,4.7479114966088277e-41,8.63667967738866e-40,2.4758254637745414e-39,1.566676666586792e-38
1.0836285538063711e-40,3.9706935236408484e-41,3.0522703105835967e-05,28616.270799448917,0.00019193054919592936,5.5237181606940013e-42,0.00082949402477014921,4.8500622368174892e-42,1.7949018550527214e-43,203924.72335049007,0.013198285341582712,0.00044613599405263237,2022007.2643572132,361069.81601884571,297653.92985730775,59354.942312062005,87698.754646140529,127563.44918447055,86725.262765560692,127452.01214574221,0.0018204736793859288,0.0034283471710544857,0.0002200493918279469,9.7309847102994087e-06,4.5372894004104394e-05,6.9375223682394963e-41,1.5067171781641602e-41,5.2414183063315271e-41,3.2018010930680438e-39,710264.8677121324,477383.79531798122,1496634.1882950522,416723.49966375687,71232.373478995505,12819.154006663986,54521.963431888813,0.00044379610546250368,3.5275087941690128e-05,0.00033243171500487746
2.9595734211528889e-43,1.1378504426386826e-43,0.0001020227298358148,42341.334987858703,0.00092567333450684801,0.00018438540867588441,0.0021470422658257972,0.00011197535522205404,5.5310519851305388e-46,445906.20331942267,0.012692751717669998,0.0011805526087063545,4270784.1452900656,729113.91114626685,551665.55321984657,118171.79284526731,171575.5185171511,238733.18425317979,165365.36777903716,236800.63201803289,0.0013146223680976133,0.0043527884930854976,0.00027805613541921387,9.3972186751552506e-06,7.6029000045300176e-05,1.5884275800790537e-05,4.6439152531749292e-44,1.608146832126395e-43,9.3114818622798487e-42,1412553.2043378756,983750.24906786438,3056216.2727910466,847045.28930745751,125554.10683201048,21581.86573607993,86257.753018532065,0.0006084893167462058,0.00011171425861424715,0.00045903875344013276
8.6799583085673589e-46,3.5529559547152181e-46,9.7218313160597148e-26,0.0050666413556516837,8.7197438674951073e-25,1.8671238377653528e-25,1.9927866976159002e-24,1.1321169631528044e-25,1.7472674392694645e-48,288785.73254869197,1.2145032617121744e-23,1.0366467793849834e-24,3732595.9757969896,626542.30276570749,349577.28248951136,98093.902999767961,139507.00163799335,179933.35196235651,89414.570370378322,173816.05327829116,1.0467291258586346e-24,3.8477202653968143e-24,2.3686353087762276e-25,9.3249313953844641e-27,6.8125343584438051e-26,1.5238827785858029e-26,1.4824956016874879e-46,5.125867128766331e-46,2.9363075521865619e-44,1266251.1588104297,871489.46005913883,2621219.9312153379,688024.66846097843,79708.106192595733,13539.062985239023,0.010235238708138986,6.0318940076861222e-25,1.1554028323707873e-25,4.4324139057705522e-25
2.5228598825041082e-48,1.0993479060558147e-48,0.0016908419653316872,55969.554233192292,4.6453765276286659e-39,1.092997873421999e-39,9.5754424036879579e-39,1.5853438281746493e-39,5.515487653287308e-51,167796.80692474174,0.0013532712082835535,4.890583153064023e-39,4231176.3461008007,644314.56588920497,323808.56470688205,94023.474391678261,127274.8606355325,151337.33633254017,33036.781268981016,136948.86184180784,2.0896765792742142e-08,1.5131279535837249e-38,1.0649793603608376e-39,5.580826772132243e-41,4.1975396570079787e-40,3.509034378354974e-39,4.7272338902947605e-49,1.6339764471090966e-48,9.261555922500918e-47,1237192.9467451684,860620.7846946466,2564551.8688222496,617861.81741243065,50828.58474269334,8568.3149172088833,0.0024986387893219659,0.0023649378430418318,14948.860792342646,2182.8699991699873
3.4469499215011256e-06,0.00032657446649459897,58784.706817397935,145780.97175579029,0.0057689007812833076,0.0025040114446124011,39667.816472166924,0.0051269795034664684,7.9034565456151157e-05,188896.36596556555,59415.440834463217,0.0047762015103002091,4429351.1204286981,653057.31129865709,383134.83697013144,93074.521668160058,120913.36287542032,138676.9703472837,65466.509391132437,140329.9915208669,0.0031613958179167916,0.0074067610355292432,0.0010535946807058078,4.7400056179929625e-05,0.00049434812898175369,0.0027199477832291186,0.0015050740151146599,0.00029001002998003722,2.6658042742322981e-05,1349892.7751935695,923339.35060457129,2823781.862230598,631348.96929602255,52676.331846097812,8361.06660487913,6380.263440754693,26842.390083443544,33352.202743199538,109870.00619052396
466592.63611949485,411079.16119780246,604513.78698115412,1806380.5247616929,608366.1455825055,324981.84121527756,1405394.3860653471,673511.83300395217,27705.530310001872,1955215.4346563169,2390511.6558748162,678543.11495771061,23686036.052776355,3633835.9103948395,3787418.390404027,441899.6502678573,584194.44390654401,982064.28637476696,1040378.4358625448,883867.89025257505,1181531.0287957352,1019399.8498270205,173951.17209878482,13071.733374117342,113412.79092367709,1097973.0308063601,505315.09040597407,126276.10570511098,20410.676663795657,5413742.6782599958,4063690.0432566185,10948921.393043974,2503560.5204798668,602306.15295495873,112421.26912255571,1436111.4439818175,380429.6984178421,202672.2043140732,1494184.7255242786
623539.07244759949,488658.93604790419,552220.49596902321,1653713.7991252015,601285.87908450409,328050.03692380019,1344669.2625585368,673043.13445081585,28654.668320696008,1817237.9650528661,2214614.8831172893,665975.25466955686,17661181.344737511,2681149.6882637064,3461734.4365498377,358573.3021790788,535982.14171963674,890004.39211541449,976375.14286695176,816519.68718118034,1261169.5232371369,1011426.5243967521,179757.51966067805,14079.942870017559,120172.30649691347,1211996.0906923052,533558.02880555892,135248.45378354707,23075.362041960718,3967280.3490920588,3001361.0635176296,7943050.0686451653,2333476.5427406686,551610.13481190684,102292.67103617484,1310539.2515689489,346113.72840359324,182210.01222623375,1343386.9097377644
433850.0963586467,370296.5655797369,453534.66647586197,1424040.8802562791,486335.43193783413,269404.88058869907,1114438.9748186676,558381.53968689067,24077.604131391599,1556707.3877911982,1799523.7903349567,525638.05475523719,12072850.229751442,1904407.6860433479,3006407.3641304593,317047.42608170654,472423.65142006829,775402.53916358924,831538.62721482641,705303.05444567662,1027449.9456167828,835554.26505558507,144149.45107811809,11149.303605679424,95056.838806286527,982953.54703195777,429329.92121946998,87523.834056951018,13613.266401995978,2656554.5996467178,2022008.0689603779,6555918.0560873775,2058584.5977185601,467667.3440088674,86870.9599046902,1090047.0829944054,285469.81013205176,152671.41322837104,1118226.18874646
262183.95268810861,262552.52757973573,363477.99525570468,1209425.9243436193,380499.16059184127,215870.13455702906,899779.15626684041,453880.62058885244,19891.048831021722,1294540.886593143,1416397.7431212431,395779.57759941404,8539171.0442992821,1681350.7922806405,2575344.5119507718,278313.93965618545,412990.91712800955,666189.02873719577,693212.08695419913,600027.37581013213,808659.33932878973,671288.42839577177,111250.30567354373,8474.5326419470057,72094.966841913163,774625.8814311258,334818.0195133001,44950.162027883598,5198.4130395489465,2314740.6092380937,1789573.6126746926,5811445.546100541,1789659.336022536,389319.26492601814,72680.72309209111,888058.41393652104,230311.59284754915,125841.91135735455,913551.17964241898
108162.41398251265,164976.11825296772,281531.83969066059,1003948.6065216449,283461.86221513321,167066.55125937788,700172.36775488302,358828.67058003641,16061.923194921841,1038750.0054708913,1066705.3112796869,276851.12812675379,7342424.6961111482,1447667.1588417948,2159376.3002182762,236745.61988682297,349148.79269526841,560187.17195385951,563648.5989488695,501391.45397573413,606131.30397787027,518637.96179749863,81178.149107514531,6046.9945908896798,51245.421977843427,585631.82061725168,249386.62410934141,7247.7918514704024,0.00061710239981442692,2017844.8665145743,1556280.3844785087,4950898.0424570041,1506218.3023167083,317237.93007031118,59690.239583924616,704156.45519137778,180287.55057063102,101491.69256766856,727320.24663937103
0.012844513638156677,77894.09904811412,208234.44357393248,827945.37255487137,196849.62576899867,123272.17140919153,524717.07339865179,273643.89553054358,12632.47984975589,825376.39098767738,755455.16512156895,171193.07121971057,6467329.0912126051,1268361.7301338578,1806166.5798226213,205534.61870223566,300527.77888444002,471176.31219131261,450332.0961195571,414563.40172141365,425976.54919693648,383185.41597212531,54260.724059346161,3860.8344216759779,32512.860533325478,415800.41286704625,173284.92835871113,0.00086993777877665134,6.005961005615412e-25,1770321.2746484948,1363671.2554549014,4322212.9138631942,1284627.7144604239,253105.78068044447,48010.201980596808,539567.72549812356,135348.04753554743,79543.388286148533,559674.05054717965
1.0204954040708328e-23,104.72595373761898,142275.06348967348,667560.44379616808,118836.34505156077,83843.596822694686,366777.27574622101,197024.77758428588,9538.8903405939127,631356.29167009704,475359.50823981821,76395.466684957355,5630771.3189285696,1096723.3178428367,1484207.0381953267,176128.67235324511,255848.59600696218,390082.84964643628,347342.51119617932,335312.36922497133,264075.78744533216,261165.23240976993,30056.028126949743,1895.2851627399193,15681.058081420846,263262.24624076078,105379.64781865824,9.1050584872725363e-25,3.3409111855615203e-39,1535927.922427763,1181897.2752242193,3740164.1449479405,1078407.3349636113,194914.23194329871,37410.641801408026,391199.21643253794,94923.687955397269,59767.938906209711,408423.78226058139
0.00016025361223614976,0.00023580909782079711,83122.429832492824,521847.54974160605,48652.532706685473,48423.823687865995,224578.32339238847,128328.47785369538,6755.0687915551516,455696.96960156329,223895.86554887204,0.0090890453266134607,4871274.8087032652,939182.36189612106,1191597.3567998789,149080.71119020536,214989.75563509809,316350.66892715456,253836.88109014288,263163.84181416722,120721.57940400441,150904.45232127814,8293.57667564035,133.50943702450576,760.05567260822943,127430.50105528717,45258.849594876461,0.00011227347896039615,5.1914703019296232e-05,1329057.7868160158,1019806.9252580258,3214054.0993520748,893531.86296177923,142216.71532300781,27810.409320278763,257863.88383855848,58695.801687747939,42009.615914074799,272419.9788912537
1.4242490425129085e-25,2.2299905843326459e-25,30327.272056271289,390051.14994542021,0.0058026325191645606,16744.098799471514,97137.712619085651,67002.370897474786,4259.6166785311079,296437.93482640863,0.026554617744620503,7.2916258290682592e-24,4202134.2402879717,799846.60592191538,926560.79637429328,124960.36655967882,177918.96092411209,249599.45813411128,169124.53957297205,197520.15666551417,0.014359705528004474,51767.165839286616,0.00099352274683540184,1.6096740725155186e-05,9.1579728803215028e-05,5736.6722657849023,0.0053595561801809679,1.220919341385051e-25,5.5145748011478074e-26,1139657.8837752906,871251.25658470625,2726895.4579408742,723950.48380451545,94615.283601025279,19140.023228026588,138537.47807205908,26378.383013545914,26127.982611332365,150626.87135152743
0.00034093979584686243,2.1802324151781117e-39,0.0036133168662920408,271420.01980298269,5.2325732506955702e-24,0.0019999185147778521,0.011545090528713955,12526.511096970509,2031.3221939086836,152771.2608162011,2.3073521705072967e-23,3.4263245065319896e-38,3732104.7676841361,673948.49547671748,686669.240539636,102748.40600251239,144309.0915558885,189328.18128764219,92604.371367488042,137939.70577248678,1.0554907489052561e-23,0.0061849289944771344,7.8446091633542873e-25,1.6341543602640463e-26,8.0310055334335163e-26,0.00069124020592770867,5.6955520470301679e-24,1.120566887999193e-39,3.0992155317981843e-40,1118663.3622881388,789903.41417316452,2442312.9922546414,574095.50263696688,51794.930273441845,11339.760182817537,32264.269940737235,0.0031230174203768155,11988.745271570979,42371.510490523571
22993.046099145493,73483.083006725283,22367.20756301071,652731.97200035327,166071.9089674151,55146.319208254179,359312.04601291579,76791.476044123585,1390.6386932693497,1541238.0240490355,696767.37715239171,216742.64204333632,9936125.6764330156,1528908.0105921766,1967938.2221252061,266975.19511486305,404020.22378903069,582291.77514907834,523138.32839034742,811938.93522601121,561136.58006135188,519094.13492865907,69652.697195102213,3486.7546122535723,28402.379147093536,111251.02998993191,20957.842076273351,0.0031918946358537367,0.00068198367024387228,2813092.8103590505,2163910.649552186,7731962.9558154037,2776482.0769755049,364952.94863721402,38819.443948055567,534433.90910420741,54226.89139341726,27116.081361944354,83705.008882593364
2080163.0530495537,808893.06559015915,175841.78829566287,950209.38008898438,336137.84722958505,153691.31341298905,812909.19857845968,296456.15210796834,7259.1842242520224,1649663.1268212271,1243062.5835115048,407131.46266798134,9934005.1316677518,1542663.5056690779,2150405.8544130735,264056.09478809289,393979.25961689069,578251.64494028117,623701.76736929186,824023.49135667761,1030868.9165779137,821661.03623747767,130871.20769697188,8755.8184791375643,70499.182235463013,624913.17576087487,322183.6762080132,359586.90827926184,90383.172816133767,3920229.2057196768,2614326.8578561232,8608179.0526723266,2761180.3711473197,387898.67309856566,42744.369831672149,635918.85378567327,138166.22882420683,88712.881918422019,375611.85605707241
1958954.8957173233,731242.75827434636,113316.03151204804,784176.41301823279,249159.30838938319,114707.29871377192,630331.30599338596,219724.03543744239,4926.9697177501048,1461796.0778769664,916733.98179634451,298069.10955997941,8209902.3181713717,1380472.8448345636,1803404.2072922052,234343.84643604749,346636.14539035701,491284.48526036536,507800.87008187518,728295.93289784843,860500.09370720701,679194.6349598302,103586.55659493945,6796.9831411949153,53575.892990096072,500993.09578916832,253242.56857813566,298653.82438119286,74468.655689232139,3096422.1881785956,2012646.6351253851,6987635.0529488865,2556738.6907131532,320938.85015234357,32702.786787232144,478320.86097855621,97501.615914221358,68701.067488409288,243230.53664195456
1651202.893455544,590759.67224481679,57192.231014082739,627193.70936885488,165886.10715087131,76095.399701169561,461601.50009805884,148589.22086712383,2624.6311692538998,1223405.5757596681,619975.66889541002,190460.56675753044,7368843.6059467075,1216510.6302600349,1483140.4671040983,204930.23892760064,300246.22852912772,410587.81446676073,399271.72197852988,626555.12327522133,658470.73392692162,529717.65719303803,74609.55438492501,4539.0704425110043,34633.838750186456,339900.25734087953,176830.91730335489,234167.01908319045,59775.32236454884,2618598.4982545474,1875896.1404095027,6490350.0980309881,2310878.7729922789,257662.97363914858,23631.802877667487,335872.98405439605,60981.981336332807,50013.022366957091,124455.75702358544
2836602.3271224597,1023848.3102095455,336563.77364848339,1187937.4141646575,490600.47289998591,222955.4651186594,1186514.6859589391,426803.74950692884,9526.7990750296995,1771540.9031962692,1708891.1134708773,571792.49641331565,7549497.1117971372,1325387.3088628552,2266118.2731122267,246860.62337127066,387066.15518074617,606951.87370621122,743410.34363654733,833177.85070712119,1512481.5126188002,1071517.5151361525,174483.72959094748,11925.644180309404,99566.44470973259,916122.29479950329,421176.8187215646,522610.00714319223,139943.80336835363,3090873.1000990374,2001315.9585758396,7251100.228551995,2687128.8624593923,411014.1920793493,48431.684566690506,784760.53057897324,222408.98730603736,126671.76471894747,773200.98008504999
9791200.8850723449,2552222.6825221563,840292.90364313847,2075978.9507811598,1135302.5648392008,591454.01759638044,2301839.1130658342,1208127.099087863,43081.705042119429,2357858.6093609021,3390781.4289848786,1374282.9367796627,10668258.984177483,1664390.2532442645,3392880.584108789,309651.86603495385,486759.32810623682,814038.16493775323,1145989.0016902203,1064493.1703422838,3370936.335997289,1923088.9378560344,394755.80685645179,32528.737372849941,268587.76870488201,2789941.2182566389,1386325.4046756153,1926611.7478527788,862974.5357284738,4195357.222456703,3037342.4415735728,10834450.288773373,3519772.6529070158,580648.45695882721,72513.820109528489,1314519.7364417173,485556.56985950092,256343.20915889685,1840906.0399621793
7077533.9347534208,2327191.9215861922,754739.23572845524,1850001.4103467201,1054700.2580519698,549699.31216792471,2124863.6732866545,1117948.8187064563,40057.436162968675,2214039.1898079743,3076819.8342732461,1297113.5131960143,8336625.3895723298,1529649.5439141742,3024466.7229889757,283018.01594327466,437802.97859534371,728826.49647144089,1043988.0976997054,985072.31699079555,3293592.0804484873,1883093.7925230537,388730.70093841775,32118.428124319173,262561.51546783024,2639729.2244840255,1269210.6286730056,1337336.523187503,628058.18095683143,2940774.0166498958,2143367.2244330626,7999779.277071259,3018207.5106613818,535766.21765737294,67879.02566617867,1184616.5929145787,430332.31758083636,224758.79499591514,1598654.5838152941
4760821.7053567525,2053528.1803632125,658485.52761170291,1638040.4264930072,900730.14961008832,471662.2937480121,1831931.3032522458,964344.91980562813,34476.378479799736,1920777.5415383037,2593180.0833950965,1103187.9658248066,7358721.9751980444,1338674.4675796775,2614024.4237314835,247818.46137645352,383596.56833637354,627120.46021705028,891908.51886096911,860013.64797941584,2910885.1985293259,1638821.782210876,335925.73415144166,27639.642399756362,225207.0430845308,2285928.976906836,1098657.3756712868,1166465.431939523,431991.6556636524,2379355.4407318332,1824871.1863821016,6607249.4672755608,2714212.4113280796,453092.16887553752,55489.090074475862,977774.31605666853,373073.81310926226,202203.18221626137,1387832.7929952804
4272944.3875488024,1888820.2421921506,681035.46764703852,1769568.2266584239,841908.71794154635,444880.41462505615,1745376.3130977466,928418.2170178761,32042.823235644209,1667418.5015773345,2532534.9410502347,1013559.6838283761,7193477.8853575233,1277885.5624478445,2589878.9571221056,230668.03249665923,355373.09359223442,588866.80975025601,818148.91638322128,773419.63389192312,2567141.1489998074,1479820.1777186182,302529.60589883517,24837.439051339636,204634.82076958765,2133350.9704822884,1020564.5507142401,1080713.6870555442,344747.51484246826,2235558.5637370329,1708972.499745125,5975170.6425065277,2399317.2429629117,416196.25281578588,52395.140081314661,942512.58667410898,398085.63332657557,225170.31251176642,1687479.9906947375
3840144.2357578445,1702801.9348706994,585881.48227820406,1589198.6119602427,733486.82722357579,389617.18221391394,1510791.2134030019,815843.42228499753,27612.431385218759,1410077.1723422862,2139789.2731079189,880564.80843815138,6514168.6981698265,1136420.1407092288,2237438.140772827,202400.37895553271,308540.27491538372,500402.3892100511,694844.87571796635,666885.75681719498,2238653.3195949285,1281225.3254512218,263944.71340289421,21974.837808333556,180997.14228035265,1913533.6433028418,903140.43513653881,1005876.7248657047,298985.75533216121,1982145.6839880252,1515395.4626570423,5319341.0898849657,2125813.1136976252,347490.34553934413,42105.15346329454,766086.97117818019,342663.0978311465,197165.59390311808,1549133.1261346678
3469240.0636243667,1533203.1064059858,492589.38807980384,1395109.9760241762,610256.88393589342,332478.58660892415,1271018.280875165,711856.24985316792,24563.567439532715,1164222.9568838386,1732915.1725128321,721355.90448460926,5724734.195043046,979279.83504136116,1885337.1375912994,172602.86011404207,262129.67307377554,416221.42459118128,569699.70809990168,569142.7733253839,1917691.0199821724,1077763.9511330975,220813.14216750674,18487.636447082368,151290.40061612014,1668592.0307179927,800951.32908741012,908871.70410225866,256606.12160794908,1747265.1122224177,1327953.5315204472,4644101.0861644195,1846504.1218934203,280694.76013960264,32035.151703284006,595431.92718206486,288999.44705063326,170815.91478697635,1402307.0365419073
3242928.015838874,1373706.7207843498,488583.58863092127,1592419.0680233552,535060.05672517617,287381.68717730039,1135958.7793376823,620150.71137941885,20537.625705796912,1218841.7812576727,1722847.4944497459,636016.07324709452,6416095.1249388484,1155514.8539040228,2319508.4212737819,193920.5131894142,292966.68270168232,482300.10978094215,566692.87840542733,573292.6089697245,1704313.9411738962,1053997.7614309201,201308.80804637162,16105.50465372203,131301.06364644374,1417131.6614740756,688222.22862010996,839880.06273521169,239901.26238278579,2012844.2304231899,1462756.7767791837,5063967.4591958607,1894178.9261561534,304801.29346989153,42078.463310900748,769727.5427200105,308773.38052258833,166601.65551685914,1508413.6729936469
3093671.2264850787,1609862.0088018654,945001.55282557732,2670938.6136417603,1124045.7547826669,571616.52598204301,2532620.0998001355,1168480.9612490525,41882.014339376641,2668560.2177318647,4130592.7396948701,1348147.244563689,22199611.292457759,3784904.3680539788,5192234.1567150448,566484.88103298249,840668.13778134342,1221443.8385785189,1410919.3190293394,1204358.5340181314,2977332.7936741384,2059545.5796280229,379443.09637038375,28422.622746680056,236145.74909455088,2233242.3708510445,1086722.2770137985,853190.35451039649,227283.46839156898,5054771.4644383648,4104253.4392575412,13375580.138409231,4070883.2685857243,799350.83441445325,135157.84214630528,2248439.739291857,603204.51593877352,267639.13256631896,2127708.1844287361
3542246.2158056968,2075990.0736785233,1519596.7623866901,5709677.1107117655,1955112.6109410741,943815.6421200193,4902868.4342490286,1844988.6878757523,65247.786041138912,5698111.3367793486,7152680.9818899203,2462163.8023060858,32793491.584079459,6546267.3053950388,12760322.935812626,1229508.3037364457,2057416.7823470761,3578394.0001422195,3214274.8073031106,2929246.5518055572,8515477.0733103901,5490757.3063937258,733296.43629989552,51361.00678630569,421824.54900822602,3470465.4350035554,1607020.2843439872,1034455.858287595,263519.88996418193,8021666.3510707058,6827505.3398065669,23245188.311302025,8395791.9850161429,1671102.2792200572,282662.90563729499,4403247.192655337,951588.9832238853,412989.87640963023,3098714.6383529617
3168635.3734475086,1933096.1360627993,1341047.4205512912,3978080.2144306027,1746181.3683117267,846128.08845856984,3738226.7941209911,1654354.841925808,59129.655908849614,4122665.6158912717,6361240.5270356294,2202316.3466972513,24201758.312066846,4761119.3292618692,9015247.8998398315,897612.59009308589,1502358.1581746323,2551765.2469017566,2194718.0587490355,2053961.9770741991,6034392.3982202355,3836783.4124339893,626892.44968813227,45828.423981526888,376846.63684438413,3174924.5586750656,1462808.8575727378,920209.4115701149,234729.73830497536,5840354.3077163342,4983338.9814158799,17208611.754328098,6111221.4136609966,1204640.7222852663,209538.44591562563,3351246.9090963588,840078.75924468169,366865.89147525752,2735969.6016384806
2774546.0348697356,1719194.800896056,1172978.1430827363,2867988.0347328554,1586774.3274540692,763247.83411069273,3332257.3472070773,1474339.7511330598,53725.535406301475,3651305.7971438258,5598751.4727689466,2020911.230888336,16924995.662599307,3301583.094059316,5957027.3895561788,619386.46860607469,1032056.0720654932,1717044.1308312798,1954483.1716176036,1441713.6098769503,4319796.8502117032,2960086.3361840467,570609.14616970986,42101.103208126624,347200.92373530054,2913930.3098860974,1309532.4894017603,805979.24194400269,206387.85127016873,4074045.2039090134,3478484.9430973651,12080517.584057039,4210875.6407630406,1068221.8745199472,186226.09299184676,2954033.2422002754,736098.07944418467,323934.19759558252,2393130.6942538824
2585210.6912147431,1575185.359065505,1020604.1166239721,2535694.8296125359,1397862.5775816822,669908.61684979743,2948980.8036042009,1294112.3223351603,46991.20323651981,3220383.7862473531,4899791.5761991395,1784043.9259591915,11603125.537107153,2218800.0780391884,5009731.1295724409,414779.81756195158,690331.26930765912,1275938.3563095937,1733428.0401131832,1280038.9188133057,3864926.5906738071,2635228.3849094892,505727.69797380606,37232.961609684135,306883.52992208331,2609921.6458134246,1163371.5756471462,751157.85286608257,195434.50968467048,2735768.1150958403,2351932.8373691384,8168125.4070397308,3035856.5360648157,942172.93138754054,163871.91150612792,2592926.8850145806,642335.10945641214,282035.53132831189,2091723.1810680749
2220942.203540585,1361716.3140382906,878838.42872133979,2217320.897839908,1205941.8826503144,580413.85585041181,2544982.6528613702,1123509.7118956917,40762.420607771281,2757701.6064367108,4219979.8392956676,1526230.5696693738,8310908.6386181153,1785848.2389513603,4362861.0800209977,339310.50309066213,551560.39620881493,1107972.3312208932,1501879.9926575676,1119571.6837696801,3356836.8503626054,2285662.6263142116,438683.94270446105,32253.313733797917,264928.747262527,2257092.878580776,1001347.4864950356,645299.4747047748,169967.30470206318,2321169.7888222239,1863805.0502615455,6480525.2414272465,2636984.0835204273,819306.173948952,142783.57888579601,2253614.1685359627,555039.35324595985,243607.10797021005,1800721.4574418203
1882807.231145109,1164590.9083376243,751025.05357663147,1939140.6034682957,1037930.9065583341,499637.48414767277,2205575.6952269697,968790.11791741231,35107.789477005594,2394396.8789430507,3626373.6606106362,1308620.2971129345,7294030.4186062533,1562479.6779247422,3819275.041917589,295748.51456895645,482503.00467962748,970000.88039817754,1308169.0335271514,980840.51904303953,2939291.2692082464,1998296.923919172,380476.57051563513,27744.13562865011,227081.9794541508,1934847.9754797616,853923.26053221722,548687.45985027566,146665.97035147902,2030867.3221617609,1631102.4883354867,5677582.400906465,2301326.9484838392,711665.04924739001,123893.95449138647,1950202.9010410942,475808.56714422163,208632.91344938433,1535487.6085204536
1576178.4929654589,985517.6628029627,634562.10506688047,1684146.7791946186,884799.20287151285,425882.52109458885,1899050.8682529626,827700.70870251744,29951.800543179226,2073078.0331592513,3086022.5985634397,1111009.8147498874,6420612.3058335092,1366275.9336402549,3324760.4738188535,259175.01952074087,422599.78190012457,845835.72195598122,1132496.8747702057,854214.39273120032,2559478.6472918279,1737185.4481696361,327328.57319943426,23616.642124315662,192516.05533381025,1641012.055984667,719898.15224372433,460781.16079614859,125399.69897139713,1788306.2745738837,1435194.4040326413,4995020.0449504182,2017172.6314391966,613444.6878783952,106624.1350770752,1673214.1223076505,403556.78502966667,176762.33045834731,1293735.5730622199
1295094.3546421633,821507.12991879776,528370.26520607341,1450865.2800529716,744332.12000885059,358496.45427889208,1616045.6380428148,698983.72385879024,25250.691312471936,1767245.1462123329,2590779.8559133825,929444.63571252057,5672779.4364310736,1198785.450737311,2872521.4385247575,227258.48935115902,369244.49612494087,732754.80366776907,969989.16918301908,737769.19455200015,2208206.9307873552,1495185.2198845744,278507.95559798769,19842.682924440203,160897.46540018966,1372801.8414293209,598035.00289940939,380882.3221364356,106004.62797127326,1564765.204419187,1257159.9981514914,4373564.3155459976,1753751.3786052275,523438.1804116795,90828.701628489333,1420225.6461182067,337716.86708263715,150324.85125551187,1073517.984494461
1040889.9787559299,672402.88256650732,431719.13210179895,1235429.0937862836,616202.3458340927,297082.87614494539,1358406.5479300569,581846.30791952077,20970.663066060406,1490783.9031278766,2139584.1672727498,764157.82502603717,4899629.8628336983,1031474.539073343,2456732.7958600842,195492.41156917263,318368.79304146231,628379.20211005583,821956.89208551683,631133.51302297099,1888762.2895204669,1274767.8752691806,233946.39110622779,16397.687104638084,132070.32728952178,1128802.7584025899,487584.15606031276,308592.72014537262,88397.083773785344,1353675.0371657903,1088405.2055918861,3803061.3526173225,1511976.0022189207,441227.04173020192,76398.582552550739,1189551.9692149423,277836.40907604847,123760.20928748847,873583.8929271698
810242.4146170218,536743.11399808899,344042.87713304861,1038040.1134539548,499286.17713287275,241193.97466356354,1123262.5950481903,475467.90187442355,17083.230207774519,1239235.1960304826,1728287.5479264481,613353.76852213079,4197601.9857364232,879652.17907442397,2075703.5894570132,166356.00298434668,271187.40143344417,532466.02607238607,686183.48656480119,533247.14846354502,1594762.0430081275,1072500.6057448778,193191.27722667967,13255.646684691279,105800.06964417695,907150.7805303965,387683.03777116432,243246.88742335065,72416.399668249258,1160257.7002033631,932012.07931759255,3263699.1749975383,1286888.0261186175,365981.82487985666,63212.440707116701,979471.13546501345,223510.00078778263,99674.189627848536,691993.32139940164
601649.61643785285,413640.96367531188,264689.11967472499,859162.31278929382,392872.22975703899,190448.78881913665,909023.08838308346,379078.90792898799,13560.747932555496,1009517.1063274784,1354679.4954747397,476321.93611345364,3572784.7761790454,741885.23721708194,1729714.56331988,139920.27690231783,228546.31548426778,445479.96893771703,562237.31129917921,443746.96930802811,1325709.1101277512,887644.52201635879,156017.71345315225,10396.639772009585,81928.578023351671,706276.20682468102,297590.28840457014,184361.78672632997,57947.234195606499,982432.7685196274,790157.36108915985,2764578.7494934448,1081185.0520321024,297448.69092658756,51212.248172588123,788797.6635178508,174361.44628372003,77911.252905287474,527815.73556581489
413191.09291540639,302048.62440690567,193239.0363429875,702301.04140733846,296271.53768058028,144497.82796615726,714913.46388270811,292004.29280250025,10378.091900142406,800920.57830049971,1016981.5265410707,352070.05518308346,3022257.5206899373,621985.6703466305,1416112.760055671,117198.1668494825,190850.59176524845,366997.63034731679,449462.3136288033,362110.98592235602,1082166.3612285161,719827.30010071408,122272.52379398484,7801.1323887639392,60286.302475067787,524742.64607189153,216599.1005832167,131470.67489631273,44886.436118784419,820735.37140194431,662526.08431028062,2321538.7446035682,896440.84978828463,235239.98747117561,40321.361514105818,616262.65162727435,130048.38493937589,58305.706264192442,379989.3657358709
246076.61706477695,201371.7985659668,128804.88287968848,555245.70273318083,208682.21733137983,102989.88609979741,538726.8625909189,213636.79098118888,7511.7541490621606,609848.87133949227,711027.23033829709,239437.28190335998,2518785.3783315104,507811.47412670084,1129465.8404825544,95569.318698057512,156026.18322963873,295405.77321243437,346568.26452892664,287587.36211090308,859315.73417678638,566562.89042526332,91539.242714754713,5449.8530431460831,40696.956996499852,362484.06366319925,144680.74108515528,84174.763808553515,33135.677070638936,673085.51903035759,544423.54507529247,1914765.7009068385,727471.46481920779,178713.99797319155,30445.310498768271,460303.70120897604,90164.306359102018,40704.593801775438,246932.0727039137
94493.64411858705,110685.47861742909,71059.458659420299,419725.48656225018,129546.49308988139,65623.312758224507,379442.01392256707,143204.54101708016,4936.758329361397,436668.38499917032,435370.30369254941,137783.52713503636,2037044.7458472557,405138.28956374514,869594.84074135765,75958.007130512968,124362.68218863673,230495.84377411977,253172.42573929921,219715.82176130777,657004.07863921497,427436.45141356776,63717.365734111227,3327.0158060042927,23039.435919129784,215484.65829476394,79944.685451429425,42052.530639118013,22597.575448471813,536272.41104741499,436573.66216586082,1539609.0704590424,573192.02747691574,127550.62586972187,21513.176848756906,319892.90937137604,54438.325441632973,24965.155835519501,127821.85793709199
0.011328068304900737,33082.973437823552,19573.840082613504,297705.40773553558,58289.091729821041,32123.051262113495,235910.38775686902,80265.956005110478,2635.1438980324197,278309.14096226578,187915.98702022404,46330.746523322865,1602084.9968678635,310561.15660725854,634988.97040595452,58008.431545861014,95205.651163117349,171664.95800244648,168281.26925982707,157926.62489309505,473377.17970528931,301165.38202304282,38569.868206236344,1416.6795710780859,7178.8399627485505,86824.355667438111,23246.260819300882,4756.2812078028428,13188.503638336759,408056.82871730457,335282.80088482547,1185343.4051843011,430291.0911030909,81298.725121796815,13459.824899688525,193925.1237277865,22586.105098492193,10959.798206585448,21794.664538990542
0.0092600839761005742,36790.614209976666,304935.22011769976,1327495.0246427376,299817.69488905685,130304.25150241816,705890.03988148668,263468.09162377456,10038.482303710454,944927.68786568916,1339534.5074776316,393311.5851425709,5781118.8146517016,1127850.7062181532,2352606.471874027,183064.5517901975,285226.72112999577,522760.06989574037,523097.83347915357,435243.91750922584,844348.83519096149,711860.17327329947,102750.86482611793,5504.3657062508337,42591.731112284549,265197.93899548979,129068.88197701832,29052.113140204234,16754.277830283394,1443058.0921472218,1101044.1259445036,3464920.2444397947,1142809.2680179279,287849.85653222387,49985.531133574215,852193.45850217715,228538.68718904039,115899.61594863911,1010606.6208409893
9.7943040004188205e-24,0.0044091663681448696,229925.44938170339,1143665.0207511701,212817.31292675293,90361.900541051582,534587.05966917844,188273.29043988787,7218.5513653438129,758856.20919088332,1007295.9569180782,279007.83605051279,5254554.3461297536,1017388.9659462959,2011919.720261392,162005.92942971017,249972.29926142859,443774.59426332754,417263.97588144068,357435.22360370564,650079.47483920865,564678.47464394837,74260.363996480097,3381.3118768551267,24822.797155086384,128748.55095732905,66215.132187859839,0.0034958280176986063,8012.7246307759797,1308354.3767508839,991994.13113009662,3082024.4501940757,986614.39616881742,227582.55832898576,39302.379455934868,675361.81569419964,179215.96222118713,94739.436390708477,818085.14284712065
3.596063717863825e-38,3.3647192167461556e-24,161396.90438743567,947893.9439317392,132528.17724323261,54139.293136294276,373520.81680596614,120494.18300476221,4668.3671487528127,564374.53195806977,699195.79967901274,172223.22099516919,4519628.5823723357,867697.46504920616,1657751.3110541026,135866.96755725457,208143.5537667615,362708.10689934669,315430.8119761846,281866.60526874027,464198.57253261964,423748.77452031197,47887.116022667135,1460.7488992992401,8727.594127968252,10778.998502964605,11559.98368318312,3.4269176822329612e-24,250.23748355911826,1117141.7267177287,844330.73340149957,2590216.7514249249,802345.18592784402,171100.67226859726,29452.1432961387,512395.97439941281,134194.27774987486,73404.510226351282,640706.04815255711
6.5038355526122555e-41,1.1009206190149084e-38,99983.983644534703,772754.20725432353,60455.188219392345,21743.54589552078,229143.01375438788,59834.670264148946,2387.184154639006,392349.61067796953,422786.03509237408,76362.53666496482,3852809.541572175,731618.15861490497,1344991.6205301185,112158.1248587727,170517.73036516208,290302.9150398901,223806.55167623394,213661.22262960678,296385.3427924065,295961.61003673926,24135.342423985214,0.0001737856526908675,0.0010401225478571419,0.001295846778285805,0.0013850408714794142,1.6234576723030192e-38,3.0137051214542864e-05,942118.15739586018,709360.36573604459,2142871.6235576463,635443.23021912714,120248.55536157791,20576.532655280262,365975.94665066572,93774.566830723212,54207.81911052834,480680.2964508736
1.0638516143202035e-43,1.9567860167725779e-41,45123.700743645459,609754.16479389812,0.0071628092668118912,0.0025837897176055114,100036.31007393869,6084.5352760418718,362.89386647617494,234232.75297088048,175224.47596708499,0.0090351651873216369,3185816.9355838625,598661.70061112812,1051987.3133429899,89412.357661746821,134279.90143911421,223142.55511843105,140528.55009978279,151696.38583790904,145512.58007265438,180631.79588055616,2901.9931055220131,1.2892472038735706e-25,5.511168111714972e-25,9.2041195543127862e-25,1.0199018054375458e-24,3.8948980007128895e-41,2.6863791668944092e-26,775193.94541297178,581640.76450183662,1696780.7920456294,479199.66143400432,74306.158520196259,12568.125740125901,234316.86680099802,57532.215337948466,36982.584218619806,336485.41948601382
5.2461866759160069e-05,7.9335523619854302e-05,0.0053444974938282016,471750.38895943685,6.5462060950829223e-24,2.7677393488999688e-24,0.011874679933214494,0.00073210885077139255,4.3602702481365037e-05,97589.248023844892,0.02083603958605235,6.281644725175817e-24,2670918.5322867706,489042.17291228165,799760.12266090605,70545.068018613398,104510.27488945931,165151.29706135931,66703.933152595942,96371.310342889687,11428.228629457892,78177.444353772386,0.00034851178800826554,8.5281213565854177e-40,2.6608995999444212e-39,4.8692734910882555e-39,5.8735434076615768e-39,0.00013134451721811096,2.3692825723284076e-40,627085.33577439922,468284.01568888454,1330163.4854307512,345134.88117023674,33510.034536457417,5441.1990074401365,117470.50194869503,25335.689300475464,21647.250059100625,207991.79386965759
3.7053155518203255e-26,6.605536493086673e-26,4.6003085573771046e-24,346922.46888770635,3.3549805240481458e-38,1.7266565910548047e-38,8.7293355985566898e-24,7.2800782759965953e-25,4.2988670129740508e-26,0.011801541707071294,1.6153768956762493e-23,2.4411070621848924e-38,2227728.1038911366,388837.55227113503,572247.69509007852,53415.230958247601,77970.996730010345,113151.8857339433,732.52359460047023,51656.434398114114,0.0013720592199243931,0.0092907578437058051,2.5195400617898439e-25,2.8758457071581169e-42,7.7988793370363769e-42,1.4789375420902332e-41,1.8480344712323624e-41,1.4349744539573181e-25,7.2976407120444389e-43,500755.24423598498,369504.37517293124,1010876.0339832313,228797.69958059193,0.0039814858890553613,0.00064686607811418662,13527.237725788513,0.00300113682176175,8017.1307453787158,93090.968332593067
0.00046027216008177467,0.00046176494485187256,2.0802402407772974e-38,234149.76013034026,8.8673953710009263e-41,5.3306271661607142e-41,2.864472711939634e-38,3.9292836489230703e-39,2.3530395164398096e-40,8.8647015156141456e-24,6.2287922258098796e-38,5.0942873693489229e-41,1815258.3693298209,297495.18738275161,366721.29699682799,37761.000854588201,53746.3547809753,66372.368193923729,8.811287994085442e-05,7222.4547213830529,9.4051436997707869e-25,5.8193280030190751e-24,8.3798753093445866e-40,1.0032138863185187e-44,2.1347959518481469e-44,8.9332388446760375e-06,2.8604075288896052e-06,0.0001106158377436817,2.3350204358844702e-45,381198.48010122863,278035.5917054945,715201.78588169836,121593.11021572124,2.8891194451270942e-24,5.337849064581191e-25,0.0016260079495370794,2.7859593299539647e-24,0.00095361721149872145,0.011147717346927627
9.3012812952853855e-06,3.8214575934317059e-25,5.422121598489233e-41,130060.06100938877,2.6345582882615948e-43,1.7935753042110226e-43,6.699403193394558e-41,1.2131861878253061e-41,7.1473936088022318e-43,2.0585320164865464e-38,1.5623744819900107e-40,1.0203540645405353e-43,1395017.7565641319,213305.77418543398,182662.17543577508,23649.722129724549,31994.027238810377,24787.689279874252,6.0367323453084348e-26,0.00089672251457801136,5.0410662285266422e-39,1.3495989394589297e-38,1.6213517226586997e-42,3.4336687976506698e-47,5.7113501615860613e-47,8.1812760568039121e-27,3.0198319764257183e-27,1.2040414125565867e-25,1.6870942214300548e-05,270560.37042902771,193544.81511482812,442381.61896832741,23698.173869995167,1.2129962870202728e-38,2.6874159557736514e-39,1.4887499309653697e-24,1.4468308554373352e-38,1.0117385462298317e-24,1.0694050450364615e-23
7.1107240859418203e-27,2.2512823764097507e-39,1.610743264755854e-43,36801.909588713039,7.9872414238078644e-46,6.0250809779344393e-46,1.7037171418973366e-43,1.2059321998295899e-05,1.3000335708260493e-07,3.5043368791879685e-41,4.3457453246775391e-43,2.5710401170021097e-46,1018999.5222816003,138463.42368022076,18651.617282957537,11084.926411347536,12680.215262114103,0.0029384450621028563,2.3533450989929672e-39,6.5026270865070939e-25,1.0710311604551615e-41,2.8834534395431369e-41,4.037717279260719e-45,1.2106910948876092e-49,1.678175417341844e-49,0.00023406813937707218,7.4357364437238437e-05,1.120571921942341e-39,1.7569245751788123e-26,170764.09422315922,117779.06774784758,197821.94910420442,0.0028235057394272213,3.1217790928166423e-41,7.7123415970884967e-42,7.6489942440337628e-39,4.2685060050936183e-41,5.9231210002866276e-39,5.7874604325543964e-38
4.2502362380335148e-39,6.0988283831798989e-42,4.2666053488050934e-46,0.0043920635797975597,2.0910026882889883e-48,1.9440012491194277e-48,3.3940173678638493e-46,1.1763840561836515e-26,7.656644222413102e-08,2.8676390604453949e-44,9.5184599852113645e-46,4.6730891035186681e-49,670683.60743752145,70027.892381849742,0.002237601466534509,0.0012944441345010139,0.0014923253723173183,1.5116882832682749e-24,3.6786116034754819e-42,1.8473548718324032e-39,1.3973234117902318e-44,3.8788400352878818e-44,7.4310890313314151e-48,4.0201764368321753e-52,4.4107696835315005e-52,3.0894592507015557e-05,1.701286059194238e-05,3.5654364055011599e-42,2.3541187374041802e-40,79669.36988847093,48550.330086482696,0.023210028614190619,2.0760788892316366e-24,5.9954197801978072e-44,1.8578168537855563e-44,1.9362105775129048e-41,1.2175045332746122e-43,1.778166255939877e-41,1.6130957334525519e-40
1.1338809875150348e-41,1.8448853489580788e-44,6.7688830907432267e-07,5.6220137244421659e-05,6.2724727409604725e-51,6.5677188713416815e-51,8.4046834551975263e-49,1.5863477786531337e-39,7.8022388615112391e-29,5.2802499582797928e-47,2.4992550210537376e-48,1.0631053385438157e-51,373489.26893682254,9845.7743037311629,1.6538436136961221e-24,1.6505659148771666e-24,1.2561485577367807e-24,3.5531392732603269e-39,8.7833586020343629e-45,3.2551588342515237e-05,2.4185734045103937e-47,7.4632157420036425e-47,1.7050033511438352e-50,1.3846825246203249e-54,1.2357534096104128e-54,2.9024196658998072e-26,1.8525478594427014e-26,1.1704427622233067e-44,7.5429032879838157e-43,0.0091273377168217193,0.0056062043353056566,3.9024724454115116e-23,7.9386779974286887e-05,1.5446214471687285e-46,5.2562418815512734e-47,5.6134227007646115e-44,4.2827127277118678e-07,9.2889042342931947e-05,7.84370315934697e-07
2.803277054403358e-44,4.8791080213833463e-47,6.161107108714371e-28,5.3095331797915917e-05,1.8167319806514708e-53,2.1667192128192631e-53,2.0156372217355768e-51,4.8507607123617301e-42,5.8279988087466223e-41,8.9250892132292314e-50,6.6079127465208828e-51,2.4326438896614715e-54,107032.36777173313,0.0011619916908878641,6.0023224988040564e-39,1.9613178140903619e-39,1.7344457757630631e-39,6.0879676291640687e-42,2.012571749979552e-47,2.4840827165579766e-26,4.2043031342049275e-50,1.3680685737526434e-49,3.935188648730214e-53,4.8335883715396267e-57,3.4970226185158589e-57,3.5085667788152115e-39,1.6572140866168379e-39,3.7242762245088759e-47,2.3634181181311003e-45,2.8359493178602359e-22,6.2472946944860717e-23,1.1832661810359921e-06,5.5954550868179211e-26,3.8543955164678897e-49,1.5168876392423495e-49,1.663473598197575e-46,4.1589604788467078e-28,3.7655046718328287e-05,2.9351551137453276e-06
7.6000629047858542e-47,1.5376686653452238e-49,1.4443304111632823e-39,4.0840207971013804e-26,6.3860409711472785e-56,7.6167583461031397e-56,6.5777881079212735e-54,1.5843455404027865e-44,1.8962685805423913e-43,0.00017753936914744083,2.1488894980105931e-53,8.0426463141154882e-57,0.01359339951109957,4.6977525855797452e-05,2.976877017126123e-07,2.1459737667545809e-42,1.1710920438926406e-05,0.00010520200182298702,5.3992408370470565e-05,0.00034891693275147144,1.4936672922267622e-05,3.5499683271168006e-52,1.1803025700996952e-55,1.7667753817820782e-59,1.1434275988353042e-59,1.1028455239135711e-41,5.4678824233158692e-42,1.2277018745560433e-49,7.6148677130908793e-48,0.0046696539589007125,0.001586427674272161,0.0069031403029881748,0.00039157606505952106,2.2083254189068237e-05,4.8628722574953304e-52,5.3700870149648403e-49,8.6270178557525697e-40,4.0711127934693234e-26,0.0003364404851955288
0.0061183157560814709,0.0072732255961715057,357656.24049096246,1124639.4514892406,461284.76387296908,163058.69863909658,1010474.1893988233,292660.24266073399,4939.8274631786126,293668.78544058453,1689045.1778564267,704714.35597783653,3817719.5049007325,728965.4838818264,1358203.3683840293,111014.45678195127,168816.51862902631,261678.49507868558,253151.35360934274,212961.83330537219,996650.57067850581,672554.19324253791,122364.58343214146,8098.3487407519906,66783.227507248681,213053.45967758779,82004.68789636904,4442.3573185711339,0.0005620626904439802,744576.44791519362,683162.34429443907,2369284.40929406,759335.79660365521,133966.70108553083,10650.547705175615,290286.35217045364,199345.23283999911,137730.91756393042,1205476.6075368838
0.00042219115910973714,0.0011157485799935729,282964.68182219658,1108813.7754468445,493455.60114824999,168663.74385456898,1035148.5635564297,300163.6979047333,4851.4260385081116,267382.88836768229,1751073.2500338394,785351.66773426603,6476687.1320373947,1219664.053541746,1850279.1482942835,183435.96646868676,273863.78006348346,447620.39683123428,283200.76158188033,247823.45319972036,1040861.0863171803,742166.17827852094,134481.41860855918,8800.4551224316092,72148.280707488593,193981.32217553852,59861.449866364965,0.00099422967555820824,8.1972789005025262e-05,949008.69659636589,970544.27653526806,2809834.3295596121,851855.54032501159,199896.96059984624,30407.223273859927,438980.55516401847,163236.05198954299,114189.32784404371,999100.81770394556
0.0011257785032306887,0.00020478505631561891,241036.61175490075,1181082.7173174776,455751.66783769464,137056.70221835474,943348.2005567468,228501.22410685441,2560.9423901904552,918595.61815284251,1822590.6433690316,767351.98005320644,12468245.495819597,1798988.5542223284,2526056.0677117058,306826.92942316126,484023.53901444114,814619.97607376776,589047.58802188211,586374.8645231491,901613.6571094289,712313.05987551075,116614.07911562952,7031.0064585915225,58188.96583357294,72363.412853050249,5619.2284740530386,8.0018079643699193e-05,8.6861495817152348e-26,1829425.8601717802,1682104.5919519872,5066787.090027269,1652689.5598459984,417933.79018657294,71692.753430333119,773646.85692064662,152465.38986525679,107459.70231990414,869143.20307075093
586236.50886469451,471916.99094054039,770932.4706626446,3559102.8991701165,1426052.3735603343,563664.44756326638,2714495.4692655671,1001206.8123049663,36023.337075630159,3763417.5805773698,5861598.270198863,2070873.2056505138,41683598.20052167,8266876.8137743277,11639681.46872383,1363753.9084782603,2052004.5405898504,3718734.9296298935,2163480.9351513837,2404812.2227711109,3159377.4275989626,2612559.1343972483,432690.21096441604,29432.776525767302,245198.11593610627,1358379.9788299655,606967.39112142264,239983.2625099849,57749.516954109924,7201515.8081249576,6943855.7563078841,21104526.256960049,6610953.9952559909,1915024.6136623463,431238.54642938223,4148026.9356879671,568452.62239287165,246607.36263718488,1737498.7419762253
539534.34871069668,551822.20540877781,900716.9660928126,4022733.4421761301,1487451.0578758637,644328.81540346402,2959863.5661058696,1251375.5988356783,48952.685610921166,3588303.3268601876,6088338.6669544159,2126361.2629903187,33077985.757137861,6758072.1285414482,10795768.865653846,1174819.7960992958,1835308.2536025436,3359010.4695499316,2096895.8217415465,2062262.4568160255,3073042.6968886792,2470219.6482852269,427134.78067828773,30211.103260164629,252280.7724330682,1607685.3254415279,798688.20515961212,251097.32395843932,54673.071176203484,5493901.0659346841,5529607.2153272731,17092015.303751417,5547381.9481281098,1629922.2774174234,357478.45947626128,4167451.2718165889,647967.86514965165,286563.65564652014,2181348.6479350985
2081087.4853205122,1467649.7676746112,1457941.2391854695,6495019.1152660158,4358617.1647007586,1745552.1567236618,7459252.9919367768,3398584.3082858599,166816.48221091737,8895850.1791144945,12455875.075741148,7149801.4390583653,48949017.225624062,10253838.981016427,18776563.724070296,1886162.2329081863,3152944.0230436246,6102364.8234766116,6083749.6658721101,4520566.3738536434,11777341.21802379,9039139.3167566992,1575603.189158828,111782.3969937286,817813.76660040126,3864380.8370402949,1770810.0863808331,561085.39430763747,107793.67182404488,8735486.348291792,8461060.869927926,26337148.49313841,9946320.5998780299,3594009.7791039078,718347.02788688487,9066814.9034092259,917614.83271298616,368255.3343048254,2547535.8163372492
2517048.3294657804,1988757.8500030274,1466017.0879996929,5315341.6357072508,6997434.4635752151,2732638.3434479702,12202009.542641971,4789890.8534792308,185633.90045527031,10496978.073593538,16837189.699824221,10960360.469063826,40692641.294126697,8687418.8078041729,16747482.277670877,1769090.5900232305,3122733.5733467252,6160937.7388999304,7359799.9797720853,4549904.3927199142,20684895.043177538,12939934.061343344,2555390.9065662762,200498.53939535946,1571222.1806777171,8469208.4393827785,2581353.5236410554,611553.40785127215,107959.67794129436,7464614.1405721223,7318447.9025672432,23331883.457448278,8761786.4238337986,3620842.4954000404,705621.24253580288,9188184.7364046983,909271.65641161869,346152.88928187388,2355373.9679496917
2411013.9246046697,1837629.4536134005,1291881.4085422503,3664291.1352809709,5066102.3198962063,1928741.2344369402,8827153.2436827719,3358620.2127118707,131208.78902391624,7568594.4569019675,11783235.405636357,8049167.526978258,29400746.708044682,6235908.0912116244,12000018.133154245,1284473.8807814464,2301741.4488259717,4504992.8039904544,5354693.5925128087,3277411.1925638267,15352796.919212468,9512370.0626076199,1865528.4902038935,144760.74917479334,1129763.699539806,5936746.6965809325,1898534.2970242037,552096.08152442414,97047.668119367328,5268779.8436381156,5218381.6205784576,16855543.993285783,6256380.9553552931,2582430.2969769649,502073.99875832349,6432779.5580924982,801030.65669566882,304186.16571356705,2045459.8664364091
2070689.421626566,1609433.316580669,1126195.1746146579,2796163.4877750082,3483539.2223881562,1307229.2033140468,6020219.6249577915,2263727.6398476805,90521.891122610468,5495256.645069153,7785250.2347238492,5623465.2647872195,21160049.816169545,4405734.8181768078,8118039.9603487449,906476.94150912645,1628707.1085554902,3157582.9969175383,3681981.556105169,2378082.2746202843,10872036.494204901,6685063.8533960031,1303261.0077938244,100964.77964638874,781259.6720386392,4110222.729333593,1680450.8005963406,467511.8253264525,80812.997615038897,4230391.9742551921,3937812.805737955,12918568.332098352,4853581.2580200871,1780719.2808557579,346698.87392162025,4328634.9723166944,700928.13707197935,263775.53415210638,1759865.5805812287
1741720.7136098642,1392583.4402081734,1008678.0222486471,2681516.9386009439,2649738.0860979673,997622.95703311183,4799481.5419399701,1792109.1898891132,66018.452517195954,6254805.7741289986,7383960.8786090352,4432675.0173108727,20748987.216678955,4362781.7035166565,7981716.1783765852,884095.42989800847,1565821.374063601,3091995.4753749887,3703459.5569940065,2827919.6745618847,10138252.727440365,6218400.7224730281,1117418.1990081617,81953.034811230827,615309.49371120112,3671690.45092241,1479040.6783328925,389170.90376587637,65638.795709450176,4689247.315223543,4081945.3865602184,14208549.669453552,5887709.1735494314,1996217.6859157137,373434.94395520503,4469303.2999194628,646787.37475919409,231363.18602274731,1521502.2296012712
1448623.2350338872,1193884.4526392657,874128.81715157884,2607509.2666355525,2118359.5518992273,901586.645086403,3838968.1898655877,1589488.3996256578,58192.509857024881,8169366.3760608928,6933316.7913655564,3608036.6856227149,33773871.489703923,6365566.3312177127,8785850.5380701832,1141195.4525800897,1826768.8876199203,3260845.9429507805,3906895.6155326222,3668922.4583379612,10516727.20276873,6704485.8853302011,1073914.2611041721,71315.901880812889,509795.89244934771,3252731.9070745599,1289982.8142420445,316857.9307537991,51812.977248314732,8920027.8193978518,7563245.5862958776,27743794.247570992,9415191.8233331814,2473519.4681014479,419732.97878592648,4231603.2013858799,565327.36596148659,197818.19421805892,1294690.3705454213
1361008.3782748729,1126269.2549878764,956289.61000380723,2623591.9462778652,2608792.5339521663,968490.06958503742,4337214.9606468705,1650067.0625989686,61902.485374144388,9302134.4309727866,7204819.2239566641,4052940.0736417728,37131127.831288956,6829760.6923022792,10016062.705143429,1181983.1124373663,1853020.969489651,3333716.9014330967,3847648.0244445149,3684757.5421255007,10810495.36245713,6308804.5539980195,1184029.7779867302,92412.229017313555,734365.39526511321,3821464.6854347643,1312674.5437092301,272468.64586095774,39884.421838037219,9695846.7375404444,8103060.0808389606,28968051.620882515,9707821.6496738624,2484086.1518585184,413394.56095733406,5030469.7591536287,591897.00964284409,181604.28689325348,1118077.3614288324
1202901.2293212858,1069631.3955076612,1323949.9625355494,6629338.9079993144,6063032.3563995268,1816802.4556779498,11053773.67898412,2000010.0868324011,56039.221052547655,23678610.391541895,20892045.444143526,9353727.0017245673,66877630.950753503,13786694.137201261,25586888.069458731,2518010.3534032153,4133794.6637053066,8340668.8532416979,9815010.0202543978,8143551.5641255025,21587147.971143372,17387224.631334424,2807483.3965107608,190196.76517921095,1525718.0664729923,5430326.4769863822,1271297.1524943016,262051.66422089757,39278.572745266662,14543182.649944194,13342067.809369024,48227622.169250466,19057355.338071968,6482584.1398593076,1240984.0146745588,15177494.169218862,887099.83523540117,260185.11281430649,1525731.3573639214
1218183.5899096634,1375756.4907041066,1323345.0406758282,5576117.8367493497,5902040.1487590484,2203166.4419203545,9836440.3962122817,3135676.3725198861,92224.345735218812,17917259.993377369,17364779.642108977,8681170.525674738,50601681.514075726,10353375.901689593,19690178.422777891,1891526.4604197529,3110159.294004078,6239415.9944562446,7438650.5144451102,6097690.1840280062,19199090.578798339,14516957.492375657,2608832.048053869,201135.30542380217,1640310.2361859963,9019172.3362802695,1644602.8559678746,280865.41357722186,33614.34840601719,10751642.1391284,9903843.6991816889,36419645.276420482,14352156.790230643,4820880.6737296516,912800.3216144375,11561272.591565378,885427.37672847672,278264.40590684471,1624568.5376565659
980738.87570859049,1191613.0683784513,1160432.4882818924,3847189.8965528947,4257977.708498098,1535806.4723047107,7299438.8619993534,2164640.8722506496,66798.695981790996,12840491.259225309,12234114.243658289,6302321.4729385534,37485638.779895611,7543099.0232913336,13985185.94760148,1363824.4123464718,2230754.6864402499,4438186.4567631371,5304263.5795458471,4350994.3795376029,14104174.151442027,10643596.303135281,1907428.6624970143,145505.91494624561,1182122.2571319176,6274610.8973540934,1451495.3607872538,218539.04721724859,23039.555965482949,8926062.4824831728,7662012.3710215194,27274785.864632647,10319886.260574736,3422360.7137479507,651066.45071280107,8196645.9484816454,779287.03083605284,241784.03872781829,1376758.2309491865
753219.85891084198,1005992.6333214502,1007176.8647769375,2888043.0033346103,2882702.4299985114,1018915.0770710674,4944308.5305049838,1719356.6733172156,58810.711623195872,9377422.7604740504,8129874.4854606967,4320312.02996895,29731220.997839224,5683328.4880131595,9739309.5825416967,984575.1857737191,1584452.6596104202,3114196.1150934272,3660312.7960652825,3056405.8240807131,9936511.8021250628,7526363.5424459986,1332328.4317268746,101078.44195961767,817007.39384601871,4176973.4887946569,1262026.8954859823,162484.02682121421,13563.467897410137,9950340.537998043,7085222.7593864696,23322308.711194236,7848000.3442146787,2382389.5922292494,456667.49207985646,5629820.6763410736,680333.40890342847,206884.82128996126,1153549.2750923566
548875.10143559624,836414.46343680588,865529.84320425813,2852738.4661140754,2055664.9729566765,895886.48593332071,3675661.2132341359,1508381.8132918077,51478.645226858549,6382285.2477118568,6811596.4719660766,2845027.3507780251,33440521.128630105,6150455.8478945466,8884671.0151789244,822875.02199360414,1145104.8701244169,2144451.4532475728,2407098.8581014057,2070965.9968295076,6764993.9699051268,5122803.0712440889,888450.34597263962,67324.147299272328,540923.33436707139,3681725.435703632,1088427.0170676184,111642.91261362356,5148.4727705742007,10170972.414908456,6787474.5228009801,18656179.011380751,5449867.6584425624,1596188.3949483149,310932.671542486,3731040.0019339561,593549.61509453261,177311.96053683394,968012.98977452214
379064.23883817554,691640.0376465536,752881.27561295673,2844066.9975650935,2082163.3192535271,836613.8808656967,3406625.402826976,1347934.9777509433,44800.149291959409,5999290.5166444508,6565709.9168010345,3864155.6566461399,37173972.869011886,7611711.1389121749,11080640.848098388,1112200.5388945541,1600953.5074297446,3168071.4954990335,2377116.6460906584,2298357.1358649479,5081913.8602420362,3926131.9833840467,762262.973714786,61685.343016620303,516386.91922866507,3429874.2751399982,937614.4741356459,66431.673865115197,0.00061186805556707265,12244155.90372798,8264781.2787781348,22655219.136185966,6106451.1128219953,2216354.4859556821,530393.63932695112,5574624.010739198,545870.30272511148,149271.74465961708,793230.44183026545
213368.06369950224,554433.16995032097,1063013.822450154,4846947.199913458,1892763.0167038802,746325.21084618638,3247290.0747773605,1201545.3211879232,38809.755825263135,6735033.0236154469,7109981.3107284447,2824791.5033008964,72121566.691434219,13567143.087907488,19429589.713787861,1911377.1663511924,2620372.6329876101,5009126.7879131688,3235248.2425515614,3416792.8503020154,4074081.79095806,3037324.8915946241,646086.65000827063,53039.761457979032,452847.27407373546,3014440.0185300675,796619.93928600906,26528.163954078882,1.9690072627620202e-05,17987684.996544193,13320093.660676235,37528129.829573944,9772915.6050656624,3329068.7950948509,772216.79062410747,8506726.0238834992,687995.38596677734,219939.3907343625,827956.7746521025
1426846.2397584287,1413832.8317911851,9622207.5951748211,24184048.089073338,5460673.6623117086,2472803.5675659343,12752555.27470216,5240892.1185048716,136530.45810572643,7914578.450759395,32058708.457901783,7267615.9340047883,76969650.5996712,15285890.974570027,41604821.694444962,2402063.0315703554,3484891.5027231583,7860591.5997199165,6065496.4758826271,4169971.3878681045,6772493.3059676448,5769918.8521949565,1369598.2812280387,123031.64952775407,1073957.4183108083,7667179.7176946159,1898144.1860000296,556671.68859226629,120517.11944392032,14068631.588466577,12098246.485522414,35114801.287537128,9857915.4528517853,5300302.5309354467,1335307.483257975,21484847.459286772,5972887.4151914436,3340480.4853647221,12830293.146143053
1215953.8776199606,1343069.8847920322,7731580.0613712175,19669110.276960097,6358269.5235084137,2728123.8403268079,14376338.129735088,5297358.1293777209,149571.53612765556,6997557.0799512304,32760635.026490618,8573103.256343469,63949109.977624446,13100566.09214217,37835093.651443698,2216375.2440092671,3419607.6106653679,7645354.4731673049,6186054.3660026239,3783780.5876260926,7821062.6334852632,6951249.2017139196,1622163.3662727682,141147.22982204828,1238287.4620847278,8379651.5562903658,2017506.4128264254,500112.00523022079,103148.48839960025,10333287.68066385,9549360.1436413657,28055764.409726653,8071911.429305708,4676410.4271390736,1121208.9086203482,20549363.890062734,5085429.458613541,2629917.7735503945,9405583.4387437161
1450835.2092224157,1421160.9415811615,7490424.2818811806,17099252.532045856,5478506.1192353982,2266932.7480027708,11395644.299748495,4385253.5919511151,129675.67274403667,10283772.260672759,26929819.374817405,8095927.2693019612,52395858.328266911,10679978.648644989,31253236.556863353,1805013.6740536853,2850595.1288375002,6386042.1781107988,6217684.2562231896,4220387.9661081964,12191076.526321925,8553716.4224452395,1876243.0611977098,159400.80139769509,1290293.0949478422,7567812.8505630633,1968965.5514328938,582244.2804114403,135952.7318718704,10157362.216295987,8625392.9524020683,28228520.145650178,9885529.1915519312,4222664.4550009156,944386.25190036197,16786246.806936562,4504956.5453803129,2310818.2330696769,8464402.4188288394
1193435.7324694369,1225918.685185717,5482497.1205650009,13233040.25774659,3878508.9275553422,1573272.9961699094,8139135.606295282,3038066.9133638479,88235.612404810003,7564315.8448441578,19513814.661769863,5822046.3249217151,39355406.88657099,8108688.5397185208,23928588.426890288,1354794.61352025,2142922.5639917855,4876473.369286702,4488631.8096171776,3223477.9225007608,8835454.9432377648,6165482.0029510446,1343118.7609317002,112918.37583525106,911248.84297707607,5152153.7136248564,1732167.92140088,492111.19405492448,115808.9374607942,7405186.5465617022,6421374.5131888231,21576905.788951024,7799980.9548705239,3220428.370290183,735971.04297666997,12807637.27532617,3363547.7981936131,1781420.6002017937,6502544.3161584726
984550.5439924479,1052366.9679534826,4276397.3834618088,10276823.123006713,3780903.7027967889,1393978.5141316149,8129872.9859881327,2385924.3218411282,66096.864017832719,6360602.0578092234,17998384.910594117,5480280.7338755568,32753969.834477063,6862391.573392529,19558830.476911582,1159569.0395086899,1748852.363285485,4101691.6630687965,4099726.1909748833,2932152.4453773648,8345597.984060863,7094264.7706226734,1343493.009712955,97484.976952719138,788493.32604884962,3973699.2605189523,1536589.5779908751,409822.50176032539,97544.008206386396,7722517.286493795,6200989.5975845596,20893485.953047629,7678441.5705332477,3118343.8185793892,730780.95790650789,11673600.613100657,2702817.406606148,1395669.2398822766,5850223.2697235653
815165.77781626873,929381.03395108331,2984180.7766750827,7882260.6948668221,3904659.0127841239,1262338.3248749189,6552039.9342300603,1876377.7857722514,61761.095831049824,4567127.6061205724,12940545.044955255,6520666.2547452468,24716949.559135027,4885469.2674066452,14254489.117963202,825196.12867840077,1249953.6875847492,2933653.3982695118,2870830.1462705396,2053190.5258174413,7441536.8384089768,5615591.1013441496,1302601.2328462328,112399.07301853906,874007.77363923797,3925502.7733141598,1411357.9896182572,340594.04157240392,80814.83502726852,6002433.5500846859,4565766.8593061259,15943187.34602428,5576726.2103958065,2197391.6354334741,521650.3661313738,8292178.2210414167,1889483.7076796782,996314.32145693002,4086828.6499522235
2860137.3043095795,2951140.4332499695,7226715.162322023,16301065.975860389,8756446.0764516778,4397892.2025064882,16504027.17997276,8720348.6125069335,335876.8269056406,5812872.1152817477,25960348.977685343,12025898.39389592,23492685.366220828,4657359.6523509454,20923209.550686542,881060.83246335492,1367002.6800300744,3314359.9670279897,4266555.7199983606,2571363.4332349142,13789123.41414945,10462675.809746858,2547698.5866394131,227862.64413862437,2012239.9570292861,17217823.967771247,6664907.8362456057,1203323.8989139879,266670.48242207634,5035604.8794501321,4156469.6919413069,15140902.287896166,6042043.0643483857,2602198.7271426483,538151.33906711778,12414137.715618944,4753620.0837889174,2876798.334799455,17325209.660273179
2546152.9026966016,2442804.9105018754,5222947.7531482764,12187127.278576879,6448672.9402519129,3201450.3197155003,12192029.779196834,6339569.2994675506,244994.44721241013,4170548.9373302595,18795500.193797596,8911963.398570979,16768025.80873107,3254029.6579660783,15398628.981611226,626315.3350920903,979576.58165825414,2367774.5186007107,3005139.7376622856,1783467.3933551868,10120820.736789702,7680793.6980039524,1873097.1023825363,166224.27277497688,1469150.4916885828,12447810.118091553,4773044.2763088746,1068142.4438133594,236094.30395478889,3465677.1254242496,2870901.8037042143,10879750.663861504,4300266.5189176975,1820606.7799601057,377326.23833856639,8905235.655832367,3440059.5874962537,2112712.883220891,12616878.396248063
2196343.008460083,2159850.2779738535,3675497.1331401262,8785903.7142053489,4576214.1526529109,2262196.7254831106,8581541.4753307588,4474241.1994412225,173627.41642115003,3693316.1966401641,13051489.985052165,6322954.0173788602,12530609.347310269,2308507.0391677436,10767416.486034272,432749.21793394245,658399.88837289915,1574263.1122322173,2139259.2238922105,1381270.5829136458,7057063.1739140032,5386714.5285829958,1329386.0274771778,117891.38239707533,1039844.509425048,8758338.8961169217,3292026.5810584333,934445.19068918191,206944.95629632927,3086108.540499696,2251943.5132283457,8203163.7193926293,3093921.7676240969,1235376.2165275468,254035.93551354713,6149247.2753497278,2444997.5552418721,1533937.3327232408,8988661.7203468662
2586679.447296265,2301238.265182151,4935918.6595196994,13100111.992371541,9882507.9503494743,3677361.3173306347,16735261.808326395,5388870.4348094314,180265.12732454698,11568334.373574199,32351407.887762196,14443244.336428352,29652588.638974756,7014104.7622262621,25223558.292998608,1486140.0763317207,2537336.415741201,6044206.6811840152,8933122.1771133207,5390561.8282213164,13982445.349757874,11404829.216769535,2675499.5906423018,211523.53161313821,1848613.3606160656,10919939.840914613,3810242.0221939245,1231430.3265867797,365020.09675127681,3737040.9347243374,4672409.3028595857,18521611.452066842,9591213.5726758,5118533.2847286416,1005108.1413618395,17598253.313237492,3758051.6432550042,1760136.1945032226,13406527.342162982
9878051.04512747,7898417.6133957962,6846023.1937797591,14790108.907586077,13388522.95173973,5841689.4100349313,17064647.59293925,9506267.0363342036,405876.41552628408,12008036.808285194,30924811.467967536,19406042.103961311,23644429.729542974,5413512.6952439016,21993084.290052,1160078.2816840173,1973279.6734787344,4793177.3105436973,8569910.9456082154,4761807.3334538778,25495144.333025109,15545870.250202283,4257751.4566184562,389843.63692375028,3497613.8629824314,28110203.786056824,9422063.0089231227,4460843.2468837695,1114829.9373246038,3203678.8390104864,3789797.0736942892,15857788.801872876,8386168.6867497098,4390293.4935321035,830661.14218139567,14887260.427860394,4527305.9016528912,2106769.3869200591,19265251.002059516
15366434.725093726,14750630.589080263,5376667.1274464047,12365828.043889379,11683928.741633974,5840233.9627477219,14464669.417937234,9625994.9626171757,467253.47507127584,10340319.953345815,24777967.583032798,16121831.586527538,28526922.632619951,5562225.6650376804,19017297.360014863,981375.01548938255,1538982.7846357287,3721844.226564724,6833833.5665051835,3635909.5718583795,24548213.911890149,14488766.370878596,3750453.0689769681,334354.46414815314,3030328.8239104152,31529123.345182665,12677694.826742113,6131821.9438684024,1638759.9157416448,4075780.951265973,3832122.9047158919,12933409.273792284,6257332.9543560948,3355129.1614196338,631020.44233752997,11827074.517031349,3552041.965667041,1557572.177850124,14786846.649023743
12522804.67883528,11332442.682934035,3817814.173716078,8984017.5510583464,8670086.5781813599,4310208.9920753278,10477391.719558278,7036972.8198021622,345911.00964141032,7288048.7265406931,17750159.846823849,11859507.264454657,20350069.126982931,3906390.2165301312,13693914.554902703,684447.28751403082,1067225.8556498294,2606229.0447011287,4875773.8933990812,2546147.2504635481,18209732.737382036,10673775.429948809,2774407.4118380318,248397.66937254049,2242755.3924187524,23373194.984218255,9435037.9945417754,4615712.8636983708,1233822.2225288432,2758923.7511268198,2622307.3024534294,8853901.724676799,4286767.834895134,2367417.557499731,446009.0825964121,8440179.6019836664,2531744.6265884582,1101789.4895042111,10749156.074572219
9348130.4161775019,8822468.8661242146,4846260.4332139492,14236460.504477432,10946413.320893347,4729458.8892363384,15290280.172313845,6928409.5845318548,283808.03040204686,10128599.77810704,32793316.893702891,15088235.148195505,30250585.780169807,8001281.042698402,25150693.876695577,1148472.4247451723,1653708.1357364107,4194450.194648331,8374746.9295436917,3525322.9929160941,18642393.873987559,14749370.519942587,3349603.3157506902,269604.47349611088,2494773.8247418017,21636620.093664255,7652386.6295340136,3408054.2388734152,889147.10384414019,5429691.5490187695,4969113.5033361884,16759039.868711395,5209618.8208654774,3899332.8115669936,792451.25589788088,15096873.770179542,3989539.1621440137,2135766.7026651097,16157691.429102553
11184646.991519848,8832759.6143575963,12153120.312918644,21812439.516260006,14404570.208232675,6562377.9724544622,28715936.317264825,11784994.519253679,335258.90754997369,20498413.342904985,67958364.848042443,17480686.111146402,90649238.543301016,21145543.784957457,62324865.723306865,2906067.1597359604,3835227.2521492294,9569534.1908523533,13098907.501094714,7026815.7429736173,20496521.885407913,17313042.192619495,3830510.8735625674,311680.9891729824,2927452.4613713785,25411294.651204564,8941689.3977004047,4429469.5468768263,1129650.5002803027,16130615.53449473,13188217.713775214,39341356.552303188,13557272.820878619,8276758.3002051078,1834448.0340968226,41366267.911785461,8100883.9719448546,2185221.4715866866,13909515.767117394
9282290.3339764532,6896439.5590170482,11073782.867698327,20989733.365109269,11122084.462456839,5213854.4651175253,24337239.533973318,10030248.746189535,258740.59391110402,15385372.783584472,56979688.801736504,13263744.644463021,69339465.289813563,15885338.000542577,49927134.066061139,2189460.193748673,2881742.5136250053,7227926.701790168,10137856.273253037,5232316.5112904161,15943716.132097095,12966368.305437604,2913946.0956920641,240073.48004153982,2251840.020215393,19786950.310418088,6964142.6606053999,3465525.7599286032,826255.46825460123,12252463.460148768,9918326.5446026623,30526382.435740214,10252197.526898904,6248674.2337289611,1368841.5713448015,32035927.402153376,7554277.9187212754,3033977.0568182599,17251805.682782702
6424952.3500319701,4889572.5765996687,8097323.230640335,15840966.347437879,8267028.7115463475,3827581.5811414709,18116991.822676979,7309697.5129104173,185356.28691698547,11115757.396813625,42581708.805719003,9735441.0683989543,51028809.914228916,11598371.987498514,36893085.173666641,1583494.845298304,2063690.2212437845,5226199.3184239324,7495669.9556012629,3858007.5738178003,11828290.645825561,9566610.4725154433,2158597.2671786663,176421.94940407519,1654812.9564667039,14352950.371676814,4972069.1207532557,2418027.7475777445,580227.30061412579,8845696.713312408,7151009.4213351766,21942976.585654382,7337362.2651138548,4625087.3933311542,1018571.2386059792,23776765.4877523,5544339.8732073167,2221869.8845936288,12685452.278563075
4631040.63744039,3456740.0710553122,5842386.0968881268,11457501.067448104,8488087.201535821,3505278.0419796328,16037592.650564069,5852147.99787175,144326.27350227008,8257704.016027255,32383331.396239359,11236942.383506088,37763080.278338216,8490822.9319584984,26864981.179561861,1204866.0176996421,1625635.8467977303,4069280.3156556194,5761216.098021959,2790794.4393134583,17662922.663525544,10190378.656592865,2594766.0230386644,219039.63804634093,1970705.1909565376,14113625.708000908,3875430.9695717464,1736169.1983127142,417286.44335539825,7524864.0782565409,5678920.6062045619,17815485.716896594,5285449.1490192693,3530002.4097776664,807150.88044900296,17804465.020094059,4011443.5597945079,1638832.7342482323,9261147.1087057423
4681668.4190620184,2738430.3485403997,4129812.6343999412,8152688.3420928977,6304671.8982410198,2571926.1858979124,11679223.372036587,4214535.1951457877,113117.5747663971,6046867.9195433445,23258122.133158959,8436989.8727217559,27060906.709253248,6194567.2238244312,19315365.558546416,907900.69521603012,1240612.4761126887,3120275.2644123756,4093971.8183943583,1952125.6475457295,13123200.393151166,7449243.5008759778,1915412.4509324264,162934.97201368748,1502817.79911535,11295169.624805162,2954890.1524454909,1360109.3035576695,279379.51962644543,5329416.5817887215,4100551.318942016,12899950.27408996,3664346.5872597969,2614530.2285802965,633554.84502229397,13170906.429713169,2857602.4909722246,1165770.4912766435,6483348.5731881326
4597609.5013845405,6203883.4856786383,3691725.6206239443,10478425.893449878,8600936.9285956547,4041209.2704704567,16060168.040244894,6310310.9093799619,305614.88255939924,4222719.6764317788,30998933.624748617,9565362.9326657783,32079019.737729046,6463671.1231241515,18361992.047402434,864230.87928309967,1159983.017942775,2881606.5439493083,4398109.4056173237,1497499.4597964068,9621316.5206849966,5785581.5535541791,1538568.2740350659,132669.0703117931,1334670.8745937173,15369935.018602105,6568661.0644435966,1320157.9133104731,246300.81789656612,7867436.5745760463,4933375.7927217744,11860924.194561167,3003928.5411192393,2429698.3643039237,542629.11798042629,11282805.458116824,2709073.7053174735,1279965.2444150371,11903372.466742093
5179716.8983278582,13761252.861517191,3789996.0835279175,8261263.4506868962,11504130.094609929,5855935.0172995301,27911898.204139318,10094910.275506612,296395.84123296215,6561470.7970391819,39637662.394681007,11676447.113267869,24067593.864084572,4738257.6478693197,14383895.039992377,637744.09318688419,845059.92324482615,2161393.110299475,5653476.8575546062,1899960.13735457,10865137.21902393,7426878.4677062053,1782544.4341777712,148914.63030729321,1585138.5950155342,24373818.941667575,9778424.7999584973,1572478.1698628839,222483.19773040921,5782638.7393829152,3614411.1051759464,9185041.4170339312,3304842.1133803125,2373555.9959298624,410950.93389284407,9927000.9472892713,2445390.5113179651,1049607.8513120622,9710195.8304627314
4362330.5910886303,10205327.271770265,2628618.1304858383,5892330.6463116212,8558068.2439096346,4316789.8465638673,20983528.105012745,7388442.6073028361,214373.68200473071,4609114.4755669525,29311664.067041032,8622890.3488332722,16997690.158438932,3286460.9952207832,10223292.615427941,428057.73913162563,599523.04137360933,1454518.1137372241,4056327.7707964494,1410861.1159328194,7830495.3715445846,5314366.6426445581,1277716.7292578933,105762.84499469864,1136729.1994148844,17871981.330698743,7136839.7101022219,1222132.3546862947,194783.94039470909,4008376.5485394076,2454055.3453205042,6902861.7495776806,2872881.8154341234,1638038.352525912,280510.03411912418,6994771.5910424944,1700295.6174207926,737713.30049851572,6827530.3989311857
3847009.857338863,7279107.4980298039,1746564.9747354367,3998804.1090786615,6100331.2981384639,3084187.1800683965,15107152.733466938,5247807.5820470499,150939.27018439068,3834875.7524574441,20844647.742595527,6059304.2378142662,14837496.729074944,2679213.1667556553,7086195.5213393141,361953.79076735728,533536.19379304233,1220360.0431911021,2781573.4025323163,1259584.8010921015,5327810.8200653736,3581530.1230073497,871131.53091221885,72211.104150649291,787413.90859611484,12867528.102718536,5078309.7437694706,1075928.2609395275,169383.39287072307,4061034.6623637346,2403387.6432919474,6475549.4730435684,2568537.1007916541,1201474.0283918954,208708.367253423,4766373.0850361818,1137795.0353343906,513530.55881810858,4622982.7319788905
3349256.5203988636,5058117.5160392476,1513306.7282943488,2907608.4069694821,4243418.3123258231,2155968.9164600573,10717495.682684615,3652991.7109456877,102458.16564353189,3404525.2597861853,14494700.559323706,4132286.2977753947,10618624.06139061,1913298.1368735265,5302085.2901607044,321283.19537417084,471682.09019413928,1069298.3664519293,2094620.7079868014,1116548.4455138415,4146738.0460472931,2877238.5830785544,656096.79684126179,54808.818634055198,523645.90511041816,9037960.2824012339,3489837.9193775845,940684.63424946612,146125.20700798533,2798858.5538251675,1901295.2910538921,5981214.7431077585,2298770.8161092424,1063202.9882058068,184221.75863830541,3424429.7963946797,927567.96766821446,411271.71119646583,3418187.0187425222
2894355.6765719713,3352900.715256765,1328729.8551492216,2550797.9017051691,2844266.1104771905,1464677.1972086229,7404046.4750592848,2460107.1358810756,68652.057467033286,2945794.3825714183,9665075.6558049731,2793272.1838925732,8225648.8665953875,1689249.8706919777,4620650.9030030109,282810.75327353284,412136.5042206106,932899.26017303974,1809658.4628043771,964873.64168504986,3602096.7628292008,2489122.2789946957,571156.99000790028,48327.114305397365,447589.97238195239,6188302.635328644,2326398.4734191657,817047.1049423872,124886.83811297518,2346740.2308601225,1681766.0652413606,5272492.3999711983,2002518.6464223876,927495.63277866924,161812.86772428569,3013167.3298495663,815453.29926446907,361778.8516950492,3013350.3924992243
3391053.7563120825,2797546.8216634318,1182635.7717492753,2441046.1039651069,2648374.8687052862,1142383.0338139266,6115109.5793488622,1813772.2447275009,60986.727043775099,2577812.4035460474,7256843.2508632559,2931397.0001967461,7563766.4475781778,1577735.3738339799,4199859.2933340315,269636.41750503163,388407.78279596713,835971.91968016303,1601485.5110918405,938916.67548184912,3745107.3924620519,2407868.8397771106,548934.68910912785,45848.383551437473,423288.32190964988,4350797.2118244553,1884808.7179582566,898271.94828329398,136337.91430417987,2379877.5702778338,1824138.886543557,6896267.5051732231,2083064.6338220353,877922.62372883025,143546.12910226162,2685698.7692794739,751670.63273097214,395395.63505808735,3120677.761353835
3256124.7114992272,2463446.9313771613,1336140.5681028424,6133422.8678347096,8600057.4060294963,2968201.8436204228,22304898.993876357,3670355.3557790294,56519.073703362708,9082219.8338344861,29814808.440709114,8231462.8369683269,37708678.114996865,9971201.7055159528,20779385.367875103,1297937.5946220304,1598974.3550718662,3197623.0045966269,8375371.7613180941,4060819.1125776605,9330069.0020671394,4891722.9678302174,1077141.005328184,66346.216231417275,723270.53516224993,5126753.8213199936,1834530.4839803337,816295.23010402825,117348.77499533597,19145470.38289867,10781629.813218517,30322446.078012198,8506245.0864638761,3657998.8298528548,546567.46750137396,12259604.94912619,1441380.6171437977,474923.48302360711,3908859.1849557483
5235696.165550584,5231675.1628861753,1542866.3884985875,6843996.47222347,8583119.4962975793,3475080.3552660807,22818575.177456357,5337415.2887033653,124046.40218748232,7987346.9041269794,29851879.162458707,8619991.1328423209,40318687.802746184,10717000.302484149,23789791.539361153,1392496.0543859245,1795458.7742680633,3666379.9673388335,7028061.9543441618,3483853.7029510555,12938247.737480553,5441788.7001825087,1507351.3502068026,123869.65319260831,1123192.7636953937,9564517.1220780611,3992953.0627697944,1488946.8154239415,321330.38278504804,15384873.902313612,9472273.8108552434,27393881.722202282,8028085.3054711977,3210635.7286442704,509518.89919925679,13374721.212675475,1757994.4498581605,434047.43534538872,3333722.1502725361
4441252.8604665417,3693205.4990288066,1365079.1082658248,4887039.6201876048,6407354.5689014057,2548424.2271005902,17007282.865437601,3802061.0813884065,84728.632955944879,5496822.4227361185,21888186.75639984,6379386.5355730075,29044676.536031723,7751274.5895206882,17533383.987100117,992613.11609363591,1274868.6311757788,2629143.8658503862,5049811.0772721656,2532527.970581708,10666714.420878608,4041317.163637137,1126014.7789841352,91220.843720107907,820241.71000766812,6848237.3706545979,2788094.4533660682,1211041.7847980084,255846.18110807909,11173272.802688958,6822469.7764348229,19645771.509850014,5665411.8781842943,2294350.6396210617,358591.12094968959,9736183.9936555978,1187180.4913812855,391827.87796835438,2947200.7013347279
3902753.934743253,2602864.2738023591,1194429.8637819462,3257902.6437334283,4505356.0702625224,1773544.6009983162,12141133.522077648,2582100.2262166641,65036.869886622982,4055566.6662858706,15287918.719841354,4393248.5167956771,20612844.099623006,5529857.187104105,12300914.49010659,691242.06664262223,867191.95429402241,1774624.8912511896,3485505.6072502965,1707619.8326676576,7442703.9919035342,3004819.0265645012,756910.71251115506,61623.366844207339,553223.79178590537,4589233.3065056652,1926326.7227361368,1063016.3892006471,224697.34122668949,8026820.3504185379,4841748.5738175996,13773857.007344903,3844066.0878740204,1546864.2829421635,238913.96443374472,6753703.3051174795,939242.56716328918,368151.59363069537,2621814.6225810633
7537926.0333551895,4069941.9680687436,1569586.1636683999,3670471.5449198834,3643334.3438044107,1425647.9569693347,10010298.289629826,2125981.5586594041,57242.859724254995,3884088.0772393732,14316675.392171716,3587841.2195152296,14430040.017670944,3878513.3894269885,10504892.677086299,467303.13477879454,608049.70845425909,1312749.9945705896,2691066.0765192467,1373146.7830013584,7851466.4703886118,2733602.9508343227,895766.16086255072,98066.789331709966,790525.46253007965,5705405.4154225998,1896273.2090323635,1234987.5128826664,241451.84616858867,5675819.6683050813,3364783.7832392878,9413468.9726269823,2987780.9294687039,1189849.8199512481,199671.12121288144,6160273.5030772407,1415235.8328442117,692563.22307386564,3160349.3627305361
11508106.105148999,5069456.1883117668,1928600.8029748353,5108513.3397000898,4843490.0994011192,1806632.0243454764,12842748.356306825,3212135.304667172,53892.678049015711,3982077.0895632701,18222915.217485525,5691037.5726868035,20382308.220604293,5434152.6514160046,14470976.4023882,1140203.5194837805,2008451.7641630757,3880094.7654944491,3252864.108358223,1713265.8833944683,12279610.222410224,4136688.4841944366,1424010.8088073584,133496.09980606634,1025136.4596541575,5642001.7320293458,2271961.2827270636,2948751.327997969,719903.88221949351,6709073.6447750973,5489394.9479325907,20377276.280558061,4813363.5636008549,2049736.9798547383,397663.8319869134,8806667.179847382,1699583.7508919812,830806.90322823101,3481147.3700356437
9838155.9203284997,4176982.7713737511,2934709.5510904235,8377367.1797457812,4223417.3287572134,1578842.3688344553,10921849.976411007,2785426.2466041753,59777.272003335755,4769188.3280495238,20991032.475396357,5021553.4013828207,22369657.636726651,5903122.6943599265,20828931.130926449,1351079.0089120204,2334193.8273129235,5004963.7040054491,3794929.1734785293,2712243.4222021918,11926197.715310663,4319837.0520768138,1251736.035371257,107967.32393894361,815768.4860090022,4396694.8445015419,2259516.1643546633,2708143.3360847253,729383.0848451521,6664158.1834106352,5887385.2918610908,23061963.388342425,7275084.8597814301,3263861.1551530678,728484.59929186211,15428375.442802945,3036417.2505429252,1626656.873671121,6664765.6789194131
15709341.544839175,6650364.4562343732,2245211.4629137437,6858656.2567070825,3900415.9883893365,1604515.8883938182,9387346.6620059796,2858626.2847104948,66747.51694191774,3936792.2744942186,15447759.434468295,4402130.3167400137,16289646.163064556,4166054.6973579437,15532121.681746166,972697.58771495405,1717341.387445563,3717681.2762744911,2700761.5708938823,1929542.7176324457,10292073.380157525,3307431.5991480788,1141177.9127141791,113952.46462547772,875649.20479563205,6992178.2474591238,3170620.5829359358,3334418.4389681607,761753.91396092647,4711892.4780141851,4162039.2113991473,16902148.059948359,5285590.3630726812,2378844.761169042,540214.72851601406,11312832.450778108,2382174.9226003787,1426260.699409382,5951792.2155501051
14523128.347471662,5976980.4655854963,26181528.249078549,47358153.977064118,4471672.9510899037,2032519.117490825,15277616.7669349,4757542.6044073645,77543.824782564596,13979051.963606808,70461058.255336851,4908961.7451849468,40119686.633378059,9281347.9781856816,76611705.748360872,1931129.1402324743,2662939.7032087389,7137695.3215903789,7606493.5192647045,5379670.8511801064,8478362.0598106179,3189034.2822087076,1024720.7449315224,97476.677319725655,753933.073072823,5868596.304007451,3303508.7822057754,3526278.7168485564,848272.6189029651,6782755.8668273492,7937590.1377428677,41360712.359694302,14263885.671226867,5814588.0517795775,1080190.8995025845,49833957.258657478,19866369.414868601,10716989.565325519,49038124.390293561
34914322.101190202,14073414.884368876,22928089.151191596,38354702.18646767,14612413.086415343,6870346.9803991634,27659239.870510224,14747613.607200624,484844.94404331088,13232243.189374128,71178559.674016386,21053930.98912641,30193760.55036417,6929519.8254479095,61034115.448324405,1479752.6489990288,2051890.9610613326,5550495.7585567385,7462989.1207094947,4452326.3138390379,22593411.125829462,14476436.228722623,3594075.512165131,299765.61428679933,2694225.552260648,22109894.541513421,12163390.148975445,6939972.2437748956,1174233.6900118839,4970171.7647945015,5982616.4789925022,32224705.610850703,11601189.778851172,4767467.9758082926,818028.7912117698,40031000.490320981,16280603.499035258,8564055.2488213833,40769314.546476983
29228903.107042056,12040076.626882555,17673216.224171218,32139041.040602274,12290940.776813457,5791933.5240110243,22893297.696212228,12471394.636093989,439811.21436122403,10239670.302181,55937636.426286146,17984063.017208584,26758515.971454985,6756202.8450612267,50989248.357141577,1415726.4526051246,2079394.3233656492,5337374.5071836626,5829730.8990459787,3742337.3573665996,19580033.173275478,11878877.89448615,3008083.6007360555,254217.60139991165,2286217.2195733064,19143513.434753172,10696996.725486482,5999204.0448252596,1026566.4827986343,3645112.8140233723,4982291.6058253441,26232408.719717368,9813948.2739066891,4132913.3289893335,761313.557090007,32862267.153096061,13013694.880013,7177905.6682697665,35322237.413264327
22735490.565896511,9334584.7421998754,14721562.10184644,25449202.514868077,9588258.2764276601,4670266.2351742201,18207207.104508493,10085115.975534627,394594.31797594053,7707261.9097083285,46652301.972929783,13607762.969003331,21497983.33928578,5418953.2039659778,43519112.6084916,1168620.2747127053,1688589.9486068585,4611947.9715635814,4881078.0567359421,3221735.0571601707,14958577.981292039,9013312.7728675827,2289248.605598242,191953.29390619745,1718097.3809965223,15037311.746402947,8950342.5365885273,4602973.697331734,749677.29850894574,2552637.0683513978,3803735.4244350591,21203731.868733745,7961940.9321015719,3880653.8740407401,794898.95949275792,30667491.541054212,10915337.782459347,5649975.2550493618,27344714.281161278
17782281.825107243,8863874.2789336443,11608833.701653007,20478823.71786537,9416272.4831836615,5633947.9981719321,16788171.551255342,12587301.464947579,742368.05749696307,6850691.366139004,39417228.819993801,12057471.569143841,30689765.11870531,7544678.8076767167,40535708.038994007,1388690.3292298981,2059336.8370204363,5306980.768349722,5246168.6997438213,3685605.2130891965,13521702.127093647,7800712.2499966202,2024061.1964871373,169136.19086585008,1519768.3057764086,16763374.24404576,13076687.942074833,4219194.8118174179,579986.72306969087,2820927.5536733358,4227623.0694964183,20000454.327864651,8333978.3767778818,4077240.0296101603,847428.04741611076,27626536.802184857,8676742.9435179476,4486732.2391707702,19964579.020724542
12692092.289149629,6474503.7171482397,8925398.7211982124,18211711.381905731,7550541.9687828217,4343673.0257906839,14134131.625404509,9610393.5039988626,560267.72318970843,11688262.304289689,34228366.528015539,9184358.0341873858,40004209.020348653,12378071.253734175,46559309.581939518,2780892.0298251635,5089659.6245668475,11487581.652196169,6586808.6463275971,6618258.040577421,10442719.43020298,5926188.1938089756,1479157.7122334177,122112.85156650576,1106073.1853475329,12245868.235582318,9775223.8383348137,3001592.0006617196,396232.2120037282,3166069.0500412993,6557660.3101578113,28801638.588064592,15181156.441447724,6197520.5352611868,1274564.0138086767,27973602.265540503,6744586.0893136216,3341033.6466991683,14571117.5978166
8806659.5720516611,4490459.5187643943,6592767.9156809943,14204937.005554227,5814483.0645881668,3206173.903748509,11230301.513123818,7000323.6556040309,411717.46286924148,11377313.386251297,30115180.331349239,6842287.0156023223,30665513.473394264,10410845.946048679,40632223.782500617,2882857.1158029586,5581801.6153918477,12883667.62017834,8298622.8565874333,7762948.1825909466,8600100.4317417033,5157299.3394177752,1185733.9622302705,91358.885227151928,823067.58704354905,8635253.3390869405,7048277.7723784968,2060695.4612760919,271436.09108927846,2802755.0342191672,6059457.4517797716,27866810.314738315,15676686.795521636,7665075.7602108959,1728715.4564411507,29135423.61610046,5231670.5657964675,2502310.7984081195,10687326.470274389
5977524.3913616734,3002929.9711409812,4693602.6993341427,10299920.330470778,4145548.8088828162,2266006.1872101785,7984158.5800064085,4956852.0435065581,297053.61904989148,8197007.1388058718,21974490.671261441,4841610.1058348464,22200499.818329874,7574325.9597989284,30177193.363631278,2135901.2164613293,4180491.0039101746,9710799.4979899675,6208554.7056045048,6514571.5041799899,6050936.3621101351,3609305.6186359171,836495.6622851009,63858.211705150687,570850.27524596266,5907618.8566076383,4958010.7613254851,1479961.6650779233,260389.73392161183,2416896.7356434427,4466818.9462269032,21210311.978086632,13163387.43527874,6024248.0290276902,1304401.8770513129,21892666.685326908,3778219.2556616473,1843282.8026164579,7555126.9227039777
4596951.8955099573,2789259.8868150464,8083613.4554888047,14386240.733029544,4880582.3218557071,2737278.9264185983,10516238.883362811,6035307.2940388843,329794.4468914296,17620777.945994329,37134535.391945064,5115057.7876580451,77258847.392429367,18346492.261883818,46842069.431412525,4623180.2577639241,9028995.0517471544,18654133.131434623,11858211.483175896,12577862.371966507,5728422.4836184653,4833552.4192266269,966045.63155354233,75465.97450527575,662834.98951879458,6722626.7501251101,5362430.5959490547,1298783.0762041623,235464.46212336022,16404390.581617609,17543910.211037628,63367785.022722445,28306959.098212004,11115158.389931129,2308006.6467239633,30986358.6535891,5317378.626536455,2699922.3082226957,10661530.852184094
10599615.155509323,7465403.7017618613,6325971.1526368083,11822685.655799249,5741521.5728638396,3006960.1807107655,10900689.246804751,5718158.3317119638,292973.39400603401,13478074.348608395,28985901.130027268,5609938.4507640777,58602350.869848296,13646047.607420264,35569487.861518249,3485775.1141434712,6858943.7050599158,14161248.797827534,9228929.0422627479,9536386.3437861633,6085998.1572004631,4546457.5251658838,1050144.1738188355,87890.231001375461,855719.52126114198,11333624.352401029,6858493.6854446698,4001016.3976088301,1142701.1394329644,12278102.925264936,13070189.18074635,48034118.886930436,21427801.248377427,8457516.6310823727,1739351.884348185,23205486.258470841,4215980.5704906052,2189024.371826754,12238449.871478323
8772244.8547076583,6642159.1897375667,6096151.0049603172,10127852.12718519,5060572.9386749128,3047128.6433706689,13699461.267076809,6548194.179212952,305996.15224540787,9544825.6037580725,26797652.898692347,4430021.5808875319,53006554.437894322,11977191.431870485,30371285.227737822,2816652.7530819844,5385373.2947395323,11116588.895210866,6886058.4631825965,6971662.1962424908,4452222.9105210314,3216842.745147293,767328.78541902208,64129.103421976652,633538.78020785563,10083529.414946957,6769758.0227052178,3265960.5743765188,881097.52376759099,9038067.6620712858,10233302.553971125,36099854.111386128,15635669.669490889,6365159.1933014616,1343648.3586935105,19342562.553900428,3729110.4818392028,1763538.9654384684,10778257.298008084
14549469.325976798,10656564.799624158,6738767.2577507105,12084480.890105044,11226355.148262603,6068331.5107579734,25293800.071472004,12190907.696547698,517110.04501080862,13941555.85341293,42857367.870224021,11161531.079139642,44633860.978704102,9642079.4434754066,26383439.65990945,2182869.6957590259,4074462.4699328658,8620987.820675604,9038027.5419652238,7037344.8016346274,19764249.33680997,11287415.930464758,2776320.0039567375,228955.35054747443,2037884.2768815146,21277709.734029114,11399706.425226176,4530249.9307234157,987030.35939192411,6531171.5897816895,7797722.8611389473,28235313.607078001,15496719.603243133,6102031.1430846844,1095768.5931321934,16612786.661073871,4111796.2111882861,2661377.8718322967,12072014.024596944
10633043.694566779,7810844.8345386153,6318826.5803367542,11266404.716358388,8366310.8544562869,4491111.6817740062,18973632.583663885,9009974.8387423214,386816.47331138595,10236201.258658038,32124121.199844133,8255407.5000501908,32664100.513498556,7006466.0943818903,20427798.00418438,1600996.9050238484,2965630.4856650871,6285133.2402113844,6687588.1739187958,5189427.7935286919,14786070.728015218,8318468.3171580052,2058952.1346889094,168775.24516290022,1495624.0877706667,15553795.857008936,8390153.7616796419,3326641.414585304,721393.09646747552,4621834.344127343,5657231.9782957127,20316107.822490826,11275589.440393474,4485733.2335146507,789906.86744086072,12223280.108855957,4013483.4604819948,2921782.0211924808,13596819.596657712
7466373.362117975,5491107.2355375616,4678481.9634709172,8206681.5133660519,5945181.0205649761,3202806.8948697504,13675915.755135041,6452193.8048127005,278520.64795418683,7117884.4257433722,22961686.407810785,5775174.1279216157,23291861.673798334,5000648.9674865073,14767312.428678401,1159526.9923411023,2149037.8696855288,4527644.0870467024,4701103.5292903231,3699059.7321244087,10452676.788648792,5808309.4980098102,1440907.9707468911,117798.40969677051,1046318.1930132437,11191016.389432484,6012285.3325486956,2339945.4734298503,508689.6500346947,3161186.2686078427,4021584.3062699712,14429811.717553098,8033645.8667530864,3199941.7568689166,566038.39492372796,8690241.5411176551,2877350.6212168899,2140624.732344653,9901565.34062046
